request_id,sequence_id,request_class,arrival_time_s,enqueue_time_s,dispatch_time_s,first_token_time_s,completion_time_s,input_tokens,output_tokens,status,error_type,policy_name,config_hash,repetition_index,env_version
request-000000,0,interactive,33432.120038616,33432.120973472,33432.120997705,33432.141604975,33433.175476554,254,118,success,,slo_aware,7fd3da2f930a7b6fb4887acc4737f5f3c94ac1391a24b8accf6c689cb7f390e9,0,python=3.11.14;driver=580.178.04;model_revision=c1899de289a04d12100db370d81485cdf75e47ca;config_hash=b5703ddc3c064646516825f0c4e958712d49c8fd8aeb0cf759509ac6a85be74e;vllm=unavailable;torch=unavailable
request-000001,1,interactive,33432.18197522141,33432.18303534,33432.183065581,33432.208764204,33432.631159357,198,49,success,,slo_aware,7fd3da2f930a7b6fb4887acc4737f5f3c94ac1391a24b8accf6c689cb7f390e9,0,python=3.11.14;driver=580.178.04;model_revision=c1899de289a04d12100db370d81485cdf75e47ca;config_hash=b5703ddc3c064646516825f0c4e958712d49c8fd8aeb0cf759509ac6a85be74e;vllm=unavailable;torch=unavailable
request-000002,2,batch,33432.6361373048,33432.636435838,33432.636461213,33432.665290563,33434.924290953,892,254,success,,slo_aware,7fd3da2f930a7b6fb4887acc4737f5f3c94ac1391a24b8accf6c689cb7f390e9,0,python=3.11.14;driver=580.178.04;model_revision=c1899de289a04d12100db370d81485cdf75e47ca;config_hash=b5703ddc3c064646516825f0c4e958712d49c8fd8aeb0cf759509ac6a85be74e;vllm=unavailable;torch=unavailable
request-000003,3,interactive,33432.8639717094,33432.864163611,33432.864197143,33432.888710793,33433.371185323,118,55,success,,slo_aware,7fd3da2f930a7b6fb4887acc4737f5f3c94ac1391a24b8accf6c689cb7f390e9,0,python=3.11.14;driver=580.178.04;model_revision=c1899de289a04d12100db370d81485cdf75e47ca;config_hash=b5703ddc3c064646516825f0c4e958712d49c8fd8aeb0cf759509ac6a85be74e;vllm=unavailable;torch=unavailable
request-000004,4,batch,33433.113459351414,33433.114158857,33433.114198446,33433.139203294,33434.315041534,2046,131,success,,slo_aware,7fd3da2f930a7b6fb4887acc4737f5f3c94ac1391a24b8accf6c689cb7f390e9,0,python=3.11.14;driver=580.178.04;model_revision=c1899de289a04d12100db370d81485cdf75e47ca;config_hash=b5703ddc3c064646516825f0c4e958712d49c8fd8aeb0cf759509ac6a85be74e;vllm=unavailable;torch=unavailable
request-000005,5,batch,33434.143166647955,33434.143698359,33434.143732632,33434.171486605,33436.329701599,1040,257,success,,slo_aware,7fd3da2f930a7b6fb4887acc4737f5f3c94ac1391a24b8accf6c689cb7f390e9,0,python=3.11.14;driver=580.178.04;model_revision=c1899de289a04d12100db370d81485cdf75e47ca;config_hash=b5703ddc3c064646516825f0c4e958712d49c8fd8aeb0cf759509ac6a85be74e;vllm=unavailable;torch=unavailable
request-000006,6,batch,33434.21165659427,33434.212283192,33434.21231722,33434.234625394,33437.19140085,589,357,success,,slo_aware,7fd3da2f930a7b6fb4887acc4737f5f3c94ac1391a24b8accf6c689cb7f390e9,0,python=3.11.14;driver=580.178.04;model_revision=c1899de289a04d12100db370d81485cdf75e47ca;config_hash=b5703ddc3c064646516825f0c4e958712d49c8fd8aeb0cf759509ac6a85be74e;vllm=unavailable;torch=unavailable
request-000007,7,batch,33434.24404583449,33434.244466351,33434.315061764,33434.339633039,33437.011776774,578,323,success,,slo_aware,7fd3da2f930a7b6fb4887acc4737f5f3c94ac1391a24b8accf6c689cb7f390e9,0,python=3.11.14;driver=580.178.04;model_revision=c1899de289a04d12100db370d81485cdf75e47ca;config_hash=b5703ddc3c064646516825f0c4e958712d49c8fd8aeb0cf759509ac6a85be74e;vllm=unavailable;torch=unavailable
request-000008,8,interactive,33434.32448939295,33434.325191815,33434.924307089,33434.950974026,33435.370827189,94,54,success,,slo_aware,7fd3da2f930a7b6fb4887acc4737f5f3c94ac1391a24b8accf6c689cb7f390e9,0,python=3.11.14;driver=580.178.04;model_revision=c1899de289a04d12100db370d81485cdf75e47ca;config_hash=b5703ddc3c064646516825f0c4e958712d49c8fd8aeb0cf759509ac6a85be74e;vllm=unavailable;torch=unavailable
request-000009,9,interactive,33434.96002301589,33434.960773166,33435.370849018,33435.393982821,33435.731501788,68,44,success,,slo_aware,7fd3da2f930a7b6fb4887acc4737f5f3c94ac1391a24b8accf6c689cb7f390e9,0,python=3.11.14;driver=580.178.04;model_revision=c1899de289a04d12100db370d81485cdf75e47ca;config_hash=b5703ddc3c064646516825f0c4e958712d49c8fd8aeb0cf759509ac6a85be74e;vllm=unavailable;torch=unavailable
request-000010,10,batch,33435.64168939263,33435.642282432,33435.731517666,33435.755565047,33438.845287993,611,365,success,,slo_aware,7fd3da2f930a7b6fb4887acc4737f5f3c94ac1391a24b8accf6c689cb7f390e9,0,python=3.11.14;driver=580.178.04;model_revision=c1899de289a04d12100db370d81485cdf75e47ca;config_hash=b5703ddc3c064646516825f0c4e958712d49c8fd8aeb0cf759509ac6a85be74e;vllm=unavailable;torch=unavailable
request-000011,11,batch,33435.64385708885,33435.644407061,33436.760029158,33436.782759901,33438.590085194,1163,211,success,,slo_aware,7fd3da2f930a7b6fb4887acc4737f5f3c94ac1391a24b8accf6c689cb7f390e9,0,python=3.11.14;driver=580.178.04;model_revision=c1899de289a04d12100db370d81485cdf75e47ca;config_hash=b5703ddc3c064646516825f0c4e958712d49c8fd8aeb0cf759509ac6a85be74e;vllm=unavailable;torch=unavailable
request-000012,12,interactive,33435.917675920944,33435.91839138,33436.32972318,33436.355916179,33436.75999613,249,51,success,,slo_aware,7fd3da2f930a7b6fb4887acc4737f5f3c94ac1391a24b8accf6c689cb7f390e9,0,python=3.11.14;driver=580.178.04;model_revision=c1899de289a04d12100db370d81485cdf75e47ca;config_hash=b5703ddc3c064646516825f0c4e958712d49c8fd8aeb0cf759509ac6a85be74e;vllm=unavailable;torch=unavailable
request-000013,13,batch,33436.01515776044,33436.015440947,33437.011801249,33437.033843386,33439.898051515,798,348,success,,slo_aware,7fd3da2f930a7b6fb4887acc4737f5f3c94ac1391a24b8accf6c689cb7f390e9,0,python=3.11.14;driver=580.178.04;model_revision=c1899de289a04d12100db370d81485cdf75e47ca;config_hash=b5703ddc3c064646516825f0c4e958712d49c8fd8aeb0cf759509ac6a85be74e;vllm=unavailable;torch=unavailable
request-000014,14,batch,33436.253696202395,33436.254798908,33437.191432292,33437.21653722,33439.962614995,1990,334,success,,slo_aware,7fd3da2f930a7b6fb4887acc4737f5f3c94ac1391a24b8accf6c689cb7f390e9,0,python=3.11.14;driver=580.178.04;model_revision=c1899de289a04d12100db370d81485cdf75e47ca;config_hash=b5703ddc3c064646516825f0c4e958712d49c8fd8aeb0cf759509ac6a85be74e;vllm=unavailable;torch=unavailable
request-000015,15,batch,33436.266605381745,33436.267200416,33439.475315753,33439.498183654,33441.807756697,541,294,success,,slo_aware,7fd3da2f930a7b6fb4887acc4737f5f3c94ac1391a24b8accf6c689cb7f390e9,0,python=3.11.14;driver=580.178.04;model_revision=c1899de289a04d12100db370d81485cdf75e47ca;config_hash=b5703ddc3c064646516825f0c4e958712d49c8fd8aeb0cf759509ac6a85be74e;vllm=unavailable;torch=unavailable
request-000016,16,batch,33436.92319472194,33436.923617341,33439.9626475,33439.984504709,33443.167250133,945,400,success,,slo_aware,7fd3da2f930a7b6fb4887acc4737f5f3c94ac1391a24b8accf6c689cb7f390e9,0,python=3.11.14;driver=580.178.04;model_revision=c1899de289a04d12100db370d81485cdf75e47ca;config_hash=b5703ddc3c064646516825f0c4e958712d49c8fd8aeb0cf759509ac6a85be74e;vllm=unavailable;torch=unavailable
request-000017,17,batch,33436.934250234895,33436.934648145,33440.482517345,33440.506242027,33441.602987518,719,139,success,,slo_aware,7fd3da2f930a7b6fb4887acc4737f5f3c94ac1391a24b8accf6c689cb7f390e9,0,python=3.11.14;driver=580.178.04;model_revision=c1899de289a04d12100db370d81485cdf75e47ca;config_hash=b5703ddc3c064646516825f0c4e958712d49c8fd8aeb0cf759509ac6a85be74e;vllm=unavailable;torch=unavailable
request-000018,18,batch,33437.14101118029,33437.141451533,33440.804187814,33440.82602849,33443.315137059,1973,312,success,,slo_aware,7fd3da2f930a7b6fb4887acc4737f5f3c94ac1391a24b8accf6c689cb7f390e9,0,python=3.11.14;driver=580.178.04;model_revision=c1899de289a04d12100db370d81485cdf75e47ca;config_hash=b5703ddc3c064646516825f0c4e958712d49c8fd8aeb0cf759509ac6a85be74e;vllm=unavailable;torch=unavailable
request-000019,19,interactive,33437.175161642044,33437.175506834,33438.59011837,33438.612401194,33439.193544851,92,76,success,,slo_aware,7fd3da2f930a7b6fb4887acc4737f5f3c94ac1391a24b8accf6c689cb7f390e9,0,python=3.11.14;driver=580.178.04;model_revision=c1899de289a04d12100db370d81485cdf75e47ca;config_hash=b5703ddc3c064646516825f0c4e958712d49c8fd8aeb0cf759509ac6a85be74e;vllm=unavailable;torch=unavailable
request-000020,20,interactive,33437.217658680944,33437.218760157,33438.845320902,33438.868272813,33439.844014544,137,127,success,,slo_aware,7fd3da2f930a7b6fb4887acc4737f5f3c94ac1391a24b8accf6c689cb7f390e9,0,python=3.11.14;driver=580.178.04;model_revision=c1899de289a04d12100db370d81485cdf75e47ca;config_hash=b5703ddc3c064646516825f0c4e958712d49c8fd8aeb0cf759509ac6a85be74e;vllm=unavailable;torch=unavailable
request-000021,21,interactive,33437.23557390782,33437.236267247,33439.193568319,33439.215988431,33439.475292611,157,34,success,,slo_aware,7fd3da2f930a7b6fb4887acc4737f5f3c94ac1391a24b8accf6c689cb7f390e9,0,python=3.11.14;driver=580.178.04;model_revision=c1899de289a04d12100db370d81485cdf75e47ca;config_hash=b5703ddc3c064646516825f0c4e958712d49c8fd8aeb0cf759509ac6a85be74e;vllm=unavailable;torch=unavailable
request-000022,22,interactive,33437.24141532778,33437.24235824,33439.844036089,33439.866571582,33440.482493592,255,79,success,,slo_aware,7fd3da2f930a7b6fb4887acc4737f5f3c94ac1391a24b8accf6c689cb7f390e9,0,python=3.11.14;driver=580.178.04;model_revision=c1899de289a04d12100db370d81485cdf75e47ca;config_hash=b5703ddc3c064646516825f0c4e958712d49c8fd8aeb0cf759509ac6a85be74e;vllm=unavailable;torch=unavailable
request-000023,23,batch,33437.851926597825,33437.853014971,33441.603016305,33441.626684297,33444.422756367,1132,352,success,,slo_aware,7fd3da2f930a7b6fb4887acc4737f5f3c94ac1391a24b8accf6c689cb7f390e9,0,python=3.11.14;driver=580.178.04;model_revision=c1899de289a04d12100db370d81485cdf75e47ca;config_hash=b5703ddc3c064646516825f0c4e958712d49c8fd8aeb0cf759509ac6a85be74e;vllm=unavailable;torch=unavailable
request-000024,24,batch,33437.86853654231,33437.868747313,33441.8077799,33441.830384675,33444.172649258,967,296,success,,slo_aware,7fd3da2f930a7b6fb4887acc4737f5f3c94ac1391a24b8accf6c689cb7f390e9,0,python=3.11.14;driver=580.178.04;model_revision=c1899de289a04d12100db370d81485cdf75e47ca;config_hash=b5703ddc3c064646516825f0c4e958712d49c8fd8aeb0cf759509ac6a85be74e;vllm=unavailable;torch=unavailable
request-000025,25,batch,33438.24410440845,33438.244343084,33443.167269979,33443.190253864,33445.052930013,539,229,success,,slo_aware,7fd3da2f930a7b6fb4887acc4737f5f3c94ac1391a24b8accf6c689cb7f390e9,0,python=3.11.14;driver=580.178.04;model_revision=c1899de289a04d12100db370d81485cdf75e47ca;config_hash=b5703ddc3c064646516825f0c4e958712d49c8fd8aeb0cf759509ac6a85be74e;vllm=unavailable;torch=unavailable
request-000026,26,interactive,33438.37161755007,33438.37239913,33439.898073365,33439.920521666,33440.804166175,197,113,success,,slo_aware,7fd3da2f930a7b6fb4887acc4737f5f3c94ac1391a24b8accf6c689cb7f390e9,0,python=3.11.14;driver=580.178.04;model_revision=c1899de289a04d12100db370d81485cdf75e47ca;config_hash=b5703ddc3c064646516825f0c4e958712d49c8fd8aeb0cf759509ac6a85be74e;vllm=unavailable;torch=unavailable
request-000027,27,batch,33438.45122105462,33438.451865752,33443.315156772,33443.33715002,33446.026800857,1957,323,success,,slo_aware,7fd3da2f930a7b6fb4887acc4737f5f3c94ac1391a24b8accf6c689cb7f390e9,0,python=3.11.14;driver=580.178.04;model_revision=c1899de289a04d12100db370d81485cdf75e47ca;config_hash=b5703ddc3c064646516825f0c4e958712d49c8fd8aeb0cf759509ac6a85be74e;vllm=unavailable;torch=unavailable
request-000028,28,batch,33438.88116769523,33438.88219403,33444.172669945,33444.194804541,33445.303495688,700,128,success,,slo_aware,7fd3da2f930a7b6fb4887acc4737f5f3c94ac1391a24b8accf6c689cb7f390e9,0,python=3.11.14;driver=580.178.04;model_revision=c1899de289a04d12100db370d81485cdf75e47ca;config_hash=b5703ddc3c064646516825f0c4e958712d49c8fd8aeb0cf759509ac6a85be74e;vllm=unavailable;torch=unavailable
request-000029,29,interactive,33439.8587041728,33439.859807068,33444.422789127,33444.447443391,33444.896665384,193,52,success,,slo_aware,7fd3da2f930a7b6fb4887acc4737f5f3c94ac1391a24b8accf6c689cb7f390e9,0,python=3.11.14;driver=580.178.04;model_revision=c1899de289a04d12100db370d81485cdf75e47ca;config_hash=b5703ddc3c064646516825f0c4e958712d49c8fd8aeb0cf759509ac6a85be74e;vllm=unavailable;torch=unavailable
request-000030,30,batch,33439.90901597135,33439.909550845,33444.896687373,33444.921249431,33446.588229406,1279,200,success,,slo_aware,7fd3da2f930a7b6fb4887acc4737f5f3c94ac1391a24b8accf6c689cb7f390e9,0,python=3.11.14;driver=580.178.04;model_revision=c1899de289a04d12100db370d81485cdf75e47ca;config_hash=b5703ddc3c064646516825f0c4e958712d49c8fd8aeb0cf759509ac6a85be74e;vllm=unavailable;torch=unavailable
request-000031,31,interactive,33440.16766165853,33440.168006114,33445.052951156,33445.077516157,33445.7130592,213,76,success,,slo_aware,7fd3da2f930a7b6fb4887acc4737f5f3c94ac1391a24b8accf6c689cb7f390e9,0,python=3.11.14;driver=580.178.04;model_revision=c1899de289a04d12100db370d81485cdf75e47ca;config_hash=b5703ddc3c064646516825f0c4e958712d49c8fd8aeb0cf759509ac6a85be74e;vllm=unavailable;torch=unavailable
request-000032,32,batch,33441.18792064578,33441.188858144,33445.303517573,33445.331811119,33448.215362869,1071,358,success,,slo_aware,7fd3da2f930a7b6fb4887acc4737f5f3c94ac1391a24b8accf6c689cb7f390e9,0,python=3.11.14;driver=580.178.04;model_revision=c1899de289a04d12100db370d81485cdf75e47ca;config_hash=b5703ddc3c064646516825f0c4e958712d49c8fd8aeb0cf759509ac6a85be74e;vllm=unavailable;torch=unavailable
request-000033,33,batch,33442.462799242734,33442.463524046,33445.71308027,33445.737711315,33448.068806079,994,290,success,,slo_aware,7fd3da2f930a7b6fb4887acc4737f5f3c94ac1391a24b8accf6c689cb7f390e9,0,python=3.11.14;driver=580.178.04;model_revision=c1899de289a04d12100db370d81485cdf75e47ca;config_hash=b5703ddc3c064646516825f0c4e958712d49c8fd8aeb0cf759509ac6a85be74e;vllm=unavailable;torch=unavailable
request-000034,34,interactive,33443.46142352539,33443.462163569,33446.026818137,33446.048948163,33446.668015569,95,79,success,,slo_aware,7fd3da2f930a7b6fb4887acc4737f5f3c94ac1391a24b8accf6c689cb7f390e9,0,python=3.11.14;driver=580.178.04;model_revision=c1899de289a04d12100db370d81485cdf75e47ca;config_hash=b5703ddc3c064646516825f0c4e958712d49c8fd8aeb0cf759509ac6a85be74e;vllm=unavailable;torch=unavailable
request-000035,35,batch,33443.466197671245,33443.466818356,33446.588248721,33446.611214292,33448.901763032,1493,281,success,,slo_aware,7fd3da2f930a7b6fb4887acc4737f5f3c94ac1391a24b8accf6c689cb7f390e9,0,python=3.11.14;driver=580.178.04;model_revision=c1899de289a04d12100db370d81485cdf75e47ca;config_hash=b5703ddc3c064646516825f0c4e958712d49c8fd8aeb0cf759509ac6a85be74e;vllm=unavailable;torch=unavailable
request-000036,36,interactive,33443.813447445296,33443.813660146,33446.668033598,33446.689677672,33447.39172559,165,90,success,,slo_aware,7fd3da2f930a7b6fb4887acc4737f5f3c94ac1391a24b8accf6c689cb7f390e9,0,python=3.11.14;driver=580.178.04;model_revision=c1899de289a04d12100db370d81485cdf75e47ca;config_hash=b5703ddc3c064646516825f0c4e958712d49c8fd8aeb0cf759509ac6a85be74e;vllm=unavailable;torch=unavailable
request-000037,37,batch,33443.8927869983,33443.893150241,33447.391751863,33447.415089701,33450.349818886,1575,358,success,,slo_aware,7fd3da2f930a7b6fb4887acc4737f5f3c94ac1391a24b8accf6c689cb7f390e9,0,python=3.11.14;driver=580.178.04;model_revision=c1899de289a04d12100db370d81485cdf75e47ca;config_hash=b5703ddc3c064646516825f0c4e958712d49c8fd8aeb0cf759509ac6a85be74e;vllm=unavailable;torch=unavailable
request-000038,38,batch,33444.686880206835,33444.687748036,33448.06883099,33448.093469257,33450.118357278,1975,245,success,,slo_aware,7fd3da2f930a7b6fb4887acc4737f5f3c94ac1391a24b8accf6c689cb7f390e9,0,python=3.11.14;driver=580.178.04;model_revision=c1899de289a04d12100db370d81485cdf75e47ca;config_hash=b5703ddc3c064646516825f0c4e958712d49c8fd8aeb0cf759509ac6a85be74e;vllm=unavailable;torch=unavailable
request-000039,39,batch,33446.16688213726,33446.167419919,33449.608793318,33449.632315717,33451.831500531,882,276,success,,slo_aware,7fd3da2f930a7b6fb4887acc4737f5f3c94ac1391a24b8accf6c689cb7f390e9,0,python=3.11.14;driver=580.178.04;model_revision=c1899de289a04d12100db370d81485cdf75e47ca;config_hash=b5703ddc3c064646516825f0c4e958712d49c8fd8aeb0cf759509ac6a85be74e;vllm=unavailable;torch=unavailable
request-000040,40,interactive,33446.17439464853,33446.175418889,33448.215394354,33448.238596736,33448.673717538,107,52,success,,slo_aware,7fd3da2f930a7b6fb4887acc4737f5f3c94ac1391a24b8accf6c689cb7f390e9,0,python=3.11.14;driver=580.178.04;model_revision=c1899de289a04d12100db370d81485cdf75e47ca;config_hash=b5703ddc3c064646516825f0c4e958712d49c8fd8aeb0cf759509ac6a85be74e;vllm=unavailable;torch=unavailable
request-000041,41,batch,33446.72797169177,33446.728814104,33450.118390214,33450.141789704,33453.065849125,1579,362,success,,slo_aware,7fd3da2f930a7b6fb4887acc4737f5f3c94ac1391a24b8accf6c689cb7f390e9,0,python=3.11.14;driver=580.178.04;model_revision=c1899de289a04d12100db370d81485cdf75e47ca;config_hash=b5703ddc3c064646516825f0c4e958712d49c8fd8aeb0cf759509ac6a85be74e;vllm=unavailable;torch=unavailable
request-000042,42,batch,33447.59663615803,33447.597021366,33450.659528258,33450.682909017,33453.142166064,1568,303,success,,slo_aware,7fd3da2f930a7b6fb4887acc4737f5f3c94ac1391a24b8accf6c689cb7f390e9,0,python=3.11.14;driver=580.178.04;model_revision=c1899de289a04d12100db370d81485cdf75e47ca;config_hash=b5703ddc3c064646516825f0c4e958712d49c8fd8aeb0cf759509ac6a85be74e;vllm=unavailable;torch=unavailable
request-000043,43,batch,33447.70397943026,33447.704877392,33451.106175588,33451.131104845,33452.167987461,518,134,success,,slo_aware,7fd3da2f930a7b6fb4887acc4737f5f3c94ac1391a24b8accf6c689cb7f390e9,0,python=3.11.14;driver=580.178.04;model_revision=c1899de289a04d12100db370d81485cdf75e47ca;config_hash=b5703ddc3c064646516825f0c4e958712d49c8fd8aeb0cf759509ac6a85be74e;vllm=unavailable;torch=unavailable
request-000044,44,interactive,33447.74323192194,33447.744061106,33448.673742539,33448.699661248,33449.649459027,197,114,success,,slo_aware,7fd3da2f930a7b6fb4887acc4737f5f3c94ac1391a24b8accf6c689cb7f390e9,0,python=3.11.14;driver=580.178.04;model_revision=c1899de289a04d12100db370d81485cdf75e47ca;config_hash=b5703ddc3c064646516825f0c4e958712d49c8fd8aeb0cf759509ac6a85be74e;vllm=unavailable;torch=unavailable
request-000045,45,interactive,33447.77804397421,33447.778379152,33448.90178916,33448.928645066,33449.608758574,212,84,success,,slo_aware,7fd3da2f930a7b6fb4887acc4737f5f3c94ac1391a24b8accf6c689cb7f390e9,0,python=3.11.14;driver=580.178.04;model_revision=c1899de289a04d12100db370d81485cdf75e47ca;config_hash=b5703ddc3c064646516825f0c4e958712d49c8fd8aeb0cf759509ac6a85be74e;vllm=unavailable;torch=unavailable
request-000046,46,interactive,33447.89046812367,33447.890973771,33449.649490017,33449.672039109,33450.215994333,70,69,success,,slo_aware,7fd3da2f930a7b6fb4887acc4737f5f3c94ac1391a24b8accf6c689cb7f390e9,0,python=3.11.14;driver=580.178.04;model_revision=c1899de289a04d12100db370d81485cdf75e47ca;config_hash=b5703ddc3c064646516825f0c4e958712d49c8fd8aeb0cf759509ac6a85be74e;vllm=unavailable;torch=unavailable
request-000047,47,interactive,33447.93360313633,33447.933992511,33450.216020938,33450.238644029,33451.106149407,140,108,success,,slo_aware,7fd3da2f930a7b6fb4887acc4737f5f3c94ac1391a24b8accf6c689cb7f390e9,0,python=3.11.14;driver=580.178.04;model_revision=c1899de289a04d12100db370d81485cdf75e47ca;config_hash=b5703ddc3c064646516825f0c4e958712d49c8fd8aeb0cf759509ac6a85be74e;vllm=unavailable;torch=unavailable
request-000048,48,batch,33448.58555584492,33448.586378605,33451.831523323,33451.852924449,33456.003035167,1177,482,success,,slo_aware,7fd3da2f930a7b6fb4887acc4737f5f3c94ac1391a24b8accf6c689cb7f390e9,0,python=3.11.14;driver=580.178.04;model_revision=c1899de289a04d12100db370d81485cdf75e47ca;config_hash=b5703ddc3c064646516825f0c4e958712d49c8fd8aeb0cf759509ac6a85be74e;vllm=unavailable;torch=unavailable
request-000049,49,interactive,33448.59149778073,33448.592537238,33450.349840107,33450.371865674,33450.659496356,67,37,success,,slo_aware,7fd3da2f930a7b6fb4887acc4737f5f3c94ac1391a24b8accf6c689cb7f390e9,0,python=3.11.14;driver=580.178.04;model_revision=c1899de289a04d12100db370d81485cdf75e47ca;config_hash=b5703ddc3c064646516825f0c4e958712d49c8fd8aeb0cf759509ac6a85be74e;vllm=unavailable;torch=unavailable
request-000050,50,interactive,33448.65076584193,33448.650955358,33452.168026347,33452.190736939,33452.765078449,209,72,success,,slo_aware,7fd3da2f930a7b6fb4887acc4737f5f3c94ac1391a24b8accf6c689cb7f390e9,0,python=3.11.14;driver=580.178.04;model_revision=c1899de289a04d12100db370d81485cdf75e47ca;config_hash=b5703ddc3c064646516825f0c4e958712d49c8fd8aeb0cf759509ac6a85be74e;vllm=unavailable;torch=unavailable
request-000051,51,batch,33449.186806936304,33449.187119024,33452.765108941,33452.791502998,33454.21313806,1232,158,success,,slo_aware,7fd3da2f930a7b6fb4887acc4737f5f3c94ac1391a24b8accf6c689cb7f390e9,0,python=3.11.14;driver=580.178.04;model_revision=c1899de289a04d12100db370d81485cdf75e47ca;config_hash=b5703ddc3c064646516825f0c4e958712d49c8fd8aeb0cf759509ac6a85be74e;vllm=unavailable;torch=unavailable
request-000052,52,batch,33449.34310698022,33449.343580611,33453.06587562,33453.090209348,33455.625351613,1828,285,success,,slo_aware,7fd3da2f930a7b6fb4887acc4737f5f3c94ac1391a24b8accf6c689cb7f390e9,0,python=3.11.14;driver=580.178.04;model_revision=c1899de289a04d12100db370d81485cdf75e47ca;config_hash=b5703ddc3c064646516825f0c4e958712d49c8fd8aeb0cf759509ac6a85be74e;vllm=unavailable;torch=unavailable
request-000053,53,batch,33449.353603660056,33449.353955622,33453.142189133,33453.165987517,33455.697600064,845,285,success,,slo_aware,7fd3da2f930a7b6fb4887acc4737f5f3c94ac1391a24b8accf6c689cb7f390e9,0,python=3.11.14;driver=580.178.04;model_revision=c1899de289a04d12100db370d81485cdf75e47ca;config_hash=b5703ddc3c064646516825f0c4e958712d49c8fd8aeb0cf759509ac6a85be74e;vllm=unavailable;torch=unavailable
request-000054,54,interactive,33450.28327077205,33450.283643417,33454.213162577,33454.237047721,33455.27101657,208,113,success,,slo_aware,7fd3da2f930a7b6fb4887acc4737f5f3c94ac1391a24b8accf6c689cb7f390e9,0,python=3.11.14;driver=580.178.04;model_revision=c1899de289a04d12100db370d81485cdf75e47ca;config_hash=b5703ddc3c064646516825f0c4e958712d49c8fd8aeb0cf759509ac6a85be74e;vllm=unavailable;torch=unavailable
request-000055,55,interactive,33450.63506024501,33450.635566745,33455.271039428,33455.29465278,33456.228480436,237,115,success,,slo_aware,7fd3da2f930a7b6fb4887acc4737f5f3c94ac1391a24b8accf6c689cb7f390e9,0,python=3.11.14;driver=580.178.04;model_revision=c1899de289a04d12100db370d81485cdf75e47ca;config_hash=b5703ddc3c064646516825f0c4e958712d49c8fd8aeb0cf759509ac6a85be74e;vllm=unavailable;torch=unavailable
request-000056,56,interactive,33450.70914463552,33450.709556582,33455.625376949,33455.648808838,33455.978559529,223,42,success,,slo_aware,7fd3da2f930a7b6fb4887acc4737f5f3c94ac1391a24b8accf6c689cb7f390e9,0,python=3.11.14;driver=580.178.04;model_revision=c1899de289a04d12100db370d81485cdf75e47ca;config_hash=b5703ddc3c064646516825f0c4e958712d49c8fd8aeb0cf759509ac6a85be74e;vllm=unavailable;torch=unavailable
request-000057,57,interactive,33450.84255120299,33450.843615577,33455.697621205,33455.722324802,33456.159684469,104,54,success,,slo_aware,7fd3da2f930a7b6fb4887acc4737f5f3c94ac1391a24b8accf6c689cb7f390e9,0,python=3.11.14;driver=580.178.04;model_revision=c1899de289a04d12100db370d81485cdf75e47ca;config_hash=b5703ddc3c064646516825f0c4e958712d49c8fd8aeb0cf759509ac6a85be74e;vllm=unavailable;torch=unavailable
request-000058,58,interactive,33450.8712177342,33450.87144766,33455.978580024,33456.002631784,33457.112154532,229,128,success,,slo_aware,7fd3da2f930a7b6fb4887acc4737f5f3c94ac1391a24b8accf6c689cb7f390e9,0,python=3.11.14;driver=580.178.04;model_revision=c1899de289a04d12100db370d81485cdf75e47ca;config_hash=b5703ddc3c064646516825f0c4e958712d49c8fd8aeb0cf759509ac6a85be74e;vllm=unavailable;torch=unavailable
request-000059,59,batch,33450.94503080721,33450.945198399,33456.003056573,33456.02778723,33458.035702785,1601,244,success,,slo_aware,7fd3da2f930a7b6fb4887acc4737f5f3c94ac1391a24b8accf6c689cb7f390e9,0,python=3.11.14;driver=580.178.04;model_revision=c1899de289a04d12100db370d81485cdf75e47ca;config_hash=b5703ddc3c064646516825f0c4e958712d49c8fd8aeb0cf759509ac6a85be74e;vllm=unavailable;torch=unavailable
request-000060,60,interactive,33451.161951675094,33451.162408776,33456.159703925,33456.184401717,33456.507026126,139,39,success,,slo_aware,7fd3da2f930a7b6fb4887acc4737f5f3c94ac1391a24b8accf6c689cb7f390e9,0,python=3.11.14;driver=580.178.04;model_revision=c1899de289a04d12100db370d81485cdf75e47ca;config_hash=b5703ddc3c064646516825f0c4e958712d49c8fd8aeb0cf759509ac6a85be74e;vllm=unavailable;torch=unavailable
request-000061,61,batch,33451.49667637424,33451.497056218,33456.228500257,33456.253586354,33457.63714999,1681,167,success,,slo_aware,7fd3da2f930a7b6fb4887acc4737f5f3c94ac1391a24b8accf6c689cb7f390e9,0,python=3.11.14;driver=580.178.04;model_revision=c1899de289a04d12100db370d81485cdf75e47ca;config_hash=b5703ddc3c064646516825f0c4e958712d49c8fd8aeb0cf759509ac6a85be74e;vllm=unavailable;torch=unavailable
request-000062,62,batch,33452.965615429806,33452.966546764,33456.507051536,33456.529683892,33459.447785725,2004,369,success,,slo_aware,7fd3da2f930a7b6fb4887acc4737f5f3c94ac1391a24b8accf6c689cb7f390e9,0,python=3.11.14;driver=580.178.04;model_revision=c1899de289a04d12100db370d81485cdf75e47ca;config_hash=b5703ddc3c064646516825f0c4e958712d49c8fd8aeb0cf759509ac6a85be74e;vllm=unavailable;torch=unavailable
request-000063,63,interactive,33453.49548284551,33453.496547589,33457.112169068,33457.133315909,33457.801681922,114,87,success,,slo_aware,7fd3da2f930a7b6fb4887acc4737f5f3c94ac1391a24b8accf6c689cb7f390e9,0,python=3.11.14;driver=580.178.04;model_revision=c1899de289a04d12100db370d81485cdf75e47ca;config_hash=b5703ddc3c064646516825f0c4e958712d49c8fd8aeb0cf759509ac6a85be74e;vllm=unavailable;torch=unavailable
request-000064,64,batch,33453.77388461784,33453.774689041,33457.637164383,33457.659791446,33458.832487918,1587,152,success,,slo_aware,7fd3da2f930a7b6fb4887acc4737f5f3c94ac1391a24b8accf6c689cb7f390e9,0,python=3.11.14;driver=580.178.04;model_revision=c1899de289a04d12100db370d81485cdf75e47ca;config_hash=b5703ddc3c064646516825f0c4e958712d49c8fd8aeb0cf759509ac6a85be74e;vllm=unavailable;torch=unavailable
request-000000,0,interactive,33459.448218589,33459.448426698,33459.448440017,33459.466360731,33460.375726779,254,118,success,,slo_aware,7fd3da2f930a7b6fb4887acc4737f5f3c94ac1391a24b8accf6c689cb7f390e9,1,python=3.11.14;driver=580.178.04;model_revision=c1899de289a04d12100db370d81485cdf75e47ca;config_hash=b5703ddc3c064646516825f0c4e958712d49c8fd8aeb0cf759509ac6a85be74e;vllm=unavailable;torch=unavailable
request-000001,1,interactive,33459.51015519441,33459.511084986,33459.511115668,33459.537039108,33459.907942879,198,49,success,,slo_aware,7fd3da2f930a7b6fb4887acc4737f5f3c94ac1391a24b8accf6c689cb7f390e9,1,python=3.11.14;driver=580.178.04;model_revision=c1899de289a04d12100db370d81485cdf75e47ca;config_hash=b5703ddc3c064646516825f0c4e958712d49c8fd8aeb0cf759509ac6a85be74e;vllm=unavailable;torch=unavailable
request-000002,2,batch,33459.9643172778,33459.965447572,33459.965488314,33459.991622261,33461.973975189,892,254,success,,slo_aware,7fd3da2f930a7b6fb4887acc4737f5f3c94ac1391a24b8accf6c689cb7f390e9,1,python=3.11.14;driver=580.178.04;model_revision=c1899de289a04d12100db370d81485cdf75e47ca;config_hash=b5703ddc3c064646516825f0c4e958712d49c8fd8aeb0cf759509ac6a85be74e;vllm=unavailable;torch=unavailable
request-000003,3,interactive,33460.1921516824,33460.192496987,33460.192527115,33460.217645789,33460.644666395,118,55,success,,slo_aware,7fd3da2f930a7b6fb4887acc4737f5f3c94ac1391a24b8accf6c689cb7f390e9,1,python=3.11.14;driver=580.178.04;model_revision=c1899de289a04d12100db370d81485cdf75e47ca;config_hash=b5703ddc3c064646516825f0c4e958712d49c8fd8aeb0cf759509ac6a85be74e;vllm=unavailable;torch=unavailable
request-000004,4,batch,33460.44163932442,33460.442081527,33460.442105578,33460.467361442,33461.490871102,2046,131,success,,slo_aware,7fd3da2f930a7b6fb4887acc4737f5f3c94ac1391a24b8accf6c689cb7f390e9,1,python=3.11.14;driver=580.178.04;model_revision=c1899de289a04d12100db370d81485cdf75e47ca;config_hash=b5703ddc3c064646516825f0c4e958712d49c8fd8aeb0cf759509ac6a85be74e;vllm=unavailable;torch=unavailable
request-000005,5,batch,33461.47134662096,33461.472288044,33461.472328157,33461.498499822,33463.509675106,1040,257,success,,slo_aware,7fd3da2f930a7b6fb4887acc4737f5f3c94ac1391a24b8accf6c689cb7f390e9,1,python=3.11.14;driver=580.178.04;model_revision=c1899de289a04d12100db370d81485cdf75e47ca;config_hash=b5703ddc3c064646516825f0c4e958712d49c8fd8aeb0cf759509ac6a85be74e;vllm=unavailable;torch=unavailable
request-000006,6,batch,33461.53983656727,33461.539932291,33461.539957305,33461.563427431,33464.926231331,589,423,success,,slo_aware,7fd3da2f930a7b6fb4887acc4737f5f3c94ac1391a24b8accf6c689cb7f390e9,1,python=3.11.14;driver=580.178.04;model_revision=c1899de289a04d12100db370d81485cdf75e47ca;config_hash=b5703ddc3c064646516825f0c4e958712d49c8fd8aeb0cf759509ac6a85be74e;vllm=unavailable;torch=unavailable
request-000007,7,batch,33461.5722258075,33461.572734363,33461.572762908,33461.594554572,33464.447778761,578,364,success,,slo_aware,7fd3da2f930a7b6fb4887acc4737f5f3c94ac1391a24b8accf6c689cb7f390e9,1,python=3.11.14;driver=580.178.04;model_revision=c1899de289a04d12100db370d81485cdf75e47ca;config_hash=b5703ddc3c064646516825f0c4e958712d49c8fd8aeb0cf759509ac6a85be74e;vllm=unavailable;torch=unavailable
request-000008,8,interactive,33461.652669365954,33461.653089434,33461.973989864,33461.995939613,33462.407330725,94,54,success,,slo_aware,7fd3da2f930a7b6fb4887acc4737f5f3c94ac1391a24b8accf6c689cb7f390e9,1,python=3.11.14;driver=580.178.04;model_revision=c1899de289a04d12100db370d81485cdf75e47ca;config_hash=b5703ddc3c064646516825f0c4e958712d49c8fd8aeb0cf759509ac6a85be74e;vllm=unavailable;torch=unavailable
request-000009,9,interactive,33462.28820298889,33462.288704608,33462.407344662,33462.429901112,33462.770235651,68,44,success,,slo_aware,7fd3da2f930a7b6fb4887acc4737f5f3c94ac1391a24b8accf6c689cb7f390e9,1,python=3.11.14;driver=580.178.04;model_revision=c1899de289a04d12100db370d81485cdf75e47ca;config_hash=b5703ddc3c064646516825f0c4e958712d49c8fd8aeb0cf759509ac6a85be74e;vllm=unavailable;torch=unavailable
request-000010,10,batch,33462.96986936563,33462.970637938,33462.970677754,33462.995189251,33466.012978671,611,370,success,,slo_aware,7fd3da2f930a7b6fb4887acc4737f5f3c94ac1391a24b8accf6c689cb7f390e9,1,python=3.11.14;driver=580.178.04;model_revision=c1899de289a04d12100db370d81485cdf75e47ca;config_hash=b5703ddc3c064646516825f0c4e958712d49c8fd8aeb0cf759509ac6a85be74e;vllm=unavailable;torch=unavailable
request-000011,11,batch,33462.97203706185,33462.972970231,33463.922949417,33463.946360263,33465.681160603,1163,211,success,,slo_aware,7fd3da2f930a7b6fb4887acc4737f5f3c94ac1391a24b8accf6c689cb7f390e9,1,python=3.11.14;driver=580.178.04;model_revision=c1899de289a04d12100db370d81485cdf75e47ca;config_hash=b5703ddc3c064646516825f0c4e958712d49c8fd8aeb0cf759509ac6a85be74e;vllm=unavailable;torch=unavailable
request-000012,12,interactive,33463.24585589395,33463.246666104,33463.509691992,33463.533462591,33463.922931094,249,51,success,,slo_aware,7fd3da2f930a7b6fb4887acc4737f5f3c94ac1391a24b8accf6c689cb7f390e9,1,python=3.11.14;driver=580.178.04;model_revision=c1899de289a04d12100db370d81485cdf75e47ca;config_hash=b5703ddc3c064646516825f0c4e958712d49c8fd8aeb0cf759509ac6a85be74e;vllm=unavailable;torch=unavailable
request-000013,13,batch,33463.343337733444,33463.344059347,33464.447799416,33464.472500098,33467.383971304,798,352,success,,slo_aware,7fd3da2f930a7b6fb4887acc4737f5f3c94ac1391a24b8accf6c689cb7f390e9,1,python=3.11.14;driver=580.178.04;model_revision=c1899de289a04d12100db370d81485cdf75e47ca;config_hash=b5703ddc3c064646516825f0c4e958712d49c8fd8aeb0cf759509ac6a85be74e;vllm=unavailable;torch=unavailable
request-000014,14,batch,33463.5818761754,33463.58202661,33466.616568081,33466.638966573,33469.33073528,1990,326,success,,slo_aware,7fd3da2f930a7b6fb4887acc4737f5f3c94ac1391a24b8accf6c689cb7f390e9,1,python=3.11.14;driver=580.178.04;model_revision=c1899de289a04d12100db370d81485cdf75e47ca;config_hash=b5703ddc3c064646516825f0c4e958712d49c8fd8aeb0cf759509ac6a85be74e;vllm=unavailable;torch=unavailable
request-000015,15,batch,33463.59478535475,33463.594893175,33466.63110601,33466.653753512,33469.042750365,541,290,success,,slo_aware,7fd3da2f930a7b6fb4887acc4737f5f3c94ac1391a24b8accf6c689cb7f390e9,1,python=3.11.14;driver=580.178.04;model_revision=c1899de289a04d12100db370d81485cdf75e47ca;config_hash=b5703ddc3c064646516825f0c4e958712d49c8fd8aeb0cf759509ac6a85be74e;vllm=unavailable;torch=unavailable
request-000016,16,batch,33464.25137469494,33464.25161538,33466.926029466,33466.951452747,33469.469759815,945,304,success,,slo_aware,7fd3da2f930a7b6fb4887acc4737f5f3c94ac1391a24b8accf6c689cb7f390e9,1,python=3.11.14;driver=580.178.04;model_revision=c1899de289a04d12100db370d81485cdf75e47ca;config_hash=b5703ddc3c064646516825f0c4e958712d49c8fd8aeb0cf759509ac6a85be74e;vllm=unavailable;torch=unavailable
request-000017,17,batch,33464.2624302079,33464.263411304,33467.383993018,33467.406913761,33468.516836124,719,139,success,,slo_aware,7fd3da2f930a7b6fb4887acc4737f5f3c94ac1391a24b8accf6c689cb7f390e9,1,python=3.11.14;driver=580.178.04;model_revision=c1899de289a04d12100db370d81485cdf75e47ca;config_hash=b5703ddc3c064646516825f0c4e958712d49c8fd8aeb0cf759509ac6a85be74e;vllm=unavailable;torch=unavailable
request-000018,18,batch,33464.469191153294,33464.469955174,33468.516859624,33468.542503754,33471.582962017,1973,367,success,,slo_aware,7fd3da2f930a7b6fb4887acc4737f5f3c94ac1391a24b8accf6c689cb7f390e9,1,python=3.11.14;driver=580.178.04;model_revision=c1899de289a04d12100db370d81485cdf75e47ca;config_hash=b5703ddc3c064646516825f0c4e958712d49c8fd8aeb0cf759509ac6a85be74e;vllm=unavailable;torch=unavailable
request-000019,19,interactive,33464.50334161505,33464.504280814,33464.926253435,33464.948607261,33465.556972255,92,76,success,,slo_aware,7fd3da2f930a7b6fb4887acc4737f5f3c94ac1391a24b8accf6c689cb7f390e9,1,python=3.11.14;driver=580.178.04;model_revision=c1899de289a04d12100db370d81485cdf75e47ca;config_hash=b5703ddc3c064646516825f0c4e958712d49c8fd8aeb0cf759509ac6a85be74e;vllm=unavailable;torch=unavailable
request-000020,20,interactive,33464.54583865395,33464.546952435,33465.556997032,33465.583048159,33466.616544995,137,127,success,,slo_aware,7fd3da2f930a7b6fb4887acc4737f5f3c94ac1391a24b8accf6c689cb7f390e9,1,python=3.11.14;driver=580.178.04;model_revision=c1899de289a04d12100db370d81485cdf75e47ca;config_hash=b5703ddc3c064646516825f0c4e958712d49c8fd8aeb0cf759509ac6a85be74e;vllm=unavailable;torch=unavailable
request-000021,21,interactive,33464.56375388082,33464.564121719,33465.681185009,33465.706274286,33465.996431687,157,34,success,,slo_aware,7fd3da2f930a7b6fb4887acc4737f5f3c94ac1391a24b8accf6c689cb7f390e9,1,python=3.11.14;driver=580.178.04;model_revision=c1899de289a04d12100db370d81485cdf75e47ca;config_hash=b5703ddc3c064646516825f0c4e958712d49c8fd8aeb0cf759509ac6a85be74e;vllm=unavailable;torch=unavailable
request-000022,22,interactive,33464.56959530078,33464.569877175,33465.99645671,33466.02162956,33466.631084393,255,79,success,,slo_aware,7fd3da2f930a7b6fb4887acc4737f5f3c94ac1391a24b8accf6c689cb7f390e9,1,python=3.11.14;driver=580.178.04;model_revision=c1899de289a04d12100db370d81485cdf75e47ca;config_hash=b5703ddc3c064646516825f0c4e958712d49c8fd8aeb0cf759509ac6a85be74e;vllm=unavailable;torch=unavailable
request-000023,23,batch,33465.18010657083,33465.180253468,33469.042783556,33469.065906734,33471.961643134,1132,352,success,,slo_aware,7fd3da2f930a7b6fb4887acc4737f5f3c94ac1391a24b8accf6c689cb7f390e9,1,python=3.11.14;driver=580.178.04;model_revision=c1899de289a04d12100db370d81485cdf75e47ca;config_hash=b5703ddc3c064646516825f0c4e958712d49c8fd8aeb0cf759509ac6a85be74e;vllm=unavailable;torch=unavailable
request-000024,24,batch,33465.19671651531,33465.197531982,33469.330767654,33469.355258731,33471.789648296,967,296,success,,slo_aware,7fd3da2f930a7b6fb4887acc4737f5f3c94ac1391a24b8accf6c689cb7f390e9,1,python=3.11.14;driver=580.178.04;model_revision=c1899de289a04d12100db370d81485cdf75e47ca;config_hash=b5703ddc3c064646516825f0c4e958712d49c8fd8aeb0cf759509ac6a85be74e;vllm=unavailable;torch=unavailable
request-000025,25,batch,33465.57228438145,33465.572999939,33469.469782343,33469.494646224,33471.361302832,539,229,success,,slo_aware,7fd3da2f930a7b6fb4887acc4737f5f3c94ac1391a24b8accf6c689cb7f390e9,1,python=3.11.14;driver=580.178.04;model_revision=c1899de289a04d12100db370d81485cdf75e47ca;config_hash=b5703ddc3c064646516825f0c4e958712d49c8fd8aeb0cf759509ac6a85be74e;vllm=unavailable;torch=unavailable
request-000026,26,interactive,33465.69979752307,33465.700435086,33466.013007033,33466.038043921,33466.926006565,197,113,success,,slo_aware,7fd3da2f930a7b6fb4887acc4737f5f3c94ac1391a24b8accf6c689cb7f390e9,1,python=3.11.14;driver=580.178.04;model_revision=c1899de289a04d12100db370d81485cdf75e47ca;config_hash=b5703ddc3c064646516825f0c4e958712d49c8fd8aeb0cf759509ac6a85be74e;vllm=unavailable;torch=unavailable
request-000027,27,batch,33465.77940102763,33465.779739522,33471.361335079,33471.384089934,33474.384990295,1957,365,success,,slo_aware,7fd3da2f930a7b6fb4887acc4737f5f3c94ac1391a24b8accf6c689cb7f390e9,1,python=3.11.14;driver=580.178.04;model_revision=c1899de289a04d12100db370d81485cdf75e47ca;config_hash=b5703ddc3c064646516825f0c4e958712d49c8fd8aeb0cf759509ac6a85be74e;vllm=unavailable;torch=unavailable
request-000028,28,batch,33466.209347668235,33466.209581302,33471.582986107,33471.608535848,33472.669589893,700,128,success,,slo_aware,7fd3da2f930a7b6fb4887acc4737f5f3c94ac1391a24b8accf6c689cb7f390e9,1,python=3.11.14;driver=580.178.04;model_revision=c1899de289a04d12100db370d81485cdf75e47ca;config_hash=b5703ddc3c064646516825f0c4e958712d49c8fd8aeb0cf759509ac6a85be74e;vllm=unavailable;torch=unavailable
request-000029,29,interactive,33467.186884145805,33467.187297807,33471.789671124,33471.813062631,33472.224874905,193,52,success,,slo_aware,7fd3da2f930a7b6fb4887acc4737f5f3c94ac1391a24b8accf6c689cb7f390e9,1,python=3.11.14;driver=580.178.04;model_revision=c1899de289a04d12100db370d81485cdf75e47ca;config_hash=b5703ddc3c064646516825f0c4e958712d49c8fd8aeb0cf759509ac6a85be74e;vllm=unavailable;torch=unavailable
request-000030,30,batch,33467.237195944355,33467.237813682,33471.961664968,33471.983453225,33473.636447577,1279,200,success,,slo_aware,7fd3da2f930a7b6fb4887acc4737f5f3c94ac1391a24b8accf6c689cb7f390e9,1,python=3.11.14;driver=580.178.04;model_revision=c1899de289a04d12100db370d81485cdf75e47ca;config_hash=b5703ddc3c064646516825f0c4e958712d49c8fd8aeb0cf759509ac6a85be74e;vllm=unavailable;torch=unavailable
request-000031,31,interactive,33467.495841631535,33467.496871095,33472.224906395,33472.249459919,33472.888763556,213,76,success,,slo_aware,7fd3da2f930a7b6fb4887acc4737f5f3c94ac1391a24b8accf6c689cb7f390e9,1,python=3.11.14;driver=580.178.04;model_revision=c1899de289a04d12100db370d81485cdf75e47ca;config_hash=b5703ddc3c064646516825f0c4e958712d49c8fd8aeb0cf759509ac6a85be74e;vllm=unavailable;torch=unavailable
request-000032,32,batch,33468.516100618785,33468.516483098,33472.669612364,33472.694451502,33476.006179145,1071,390,success,,slo_aware,7fd3da2f930a7b6fb4887acc4737f5f3c94ac1391a24b8accf6c689cb7f390e9,1,python=3.11.14;driver=580.178.04;model_revision=c1899de289a04d12100db370d81485cdf75e47ca;config_hash=b5703ddc3c064646516825f0c4e958712d49c8fd8aeb0cf759509ac6a85be74e;vllm=unavailable;torch=unavailable
request-000033,33,batch,33469.79097921574,33469.791900028,33472.888783259,33472.910561053,33475.516885457,994,313,success,,slo_aware,7fd3da2f930a7b6fb4887acc4737f5f3c94ac1391a24b8accf6c689cb7f390e9,1,python=3.11.14;driver=580.178.04;model_revision=c1899de289a04d12100db370d81485cdf75e47ca;config_hash=b5703ddc3c064646516825f0c4e958712d49c8fd8aeb0cf759509ac6a85be74e;vllm=unavailable;torch=unavailable
request-000034,34,interactive,33470.78960349839,33470.789784305,33473.636478559,33473.661694123,33474.294284173,95,79,success,,slo_aware,7fd3da2f930a7b6fb4887acc4737f5f3c94ac1391a24b8accf6c689cb7f390e9,1,python=3.11.14;driver=580.178.04;model_revision=c1899de289a04d12100db370d81485cdf75e47ca;config_hash=b5703ddc3c064646516825f0c4e958712d49c8fd8aeb0cf759509ac6a85be74e;vllm=unavailable;torch=unavailable
request-000035,35,batch,33470.79437764425,33470.795057021,33474.294305088,33474.317685161,33476.897487646,1493,281,success,,slo_aware,7fd3da2f930a7b6fb4887acc4737f5f3c94ac1391a24b8accf6c689cb7f390e9,1,python=3.11.14;driver=580.178.04;model_revision=c1899de289a04d12100db370d81485cdf75e47ca;config_hash=b5703ddc3c064646516825f0c4e958712d49c8fd8aeb0cf759509ac6a85be74e;vllm=unavailable;torch=unavailable
request-000036,36,interactive,33471.1416274183,33471.142584759,33474.385015775,33474.408609021,33475.168365784,165,90,success,,slo_aware,7fd3da2f930a7b6fb4887acc4737f5f3c94ac1391a24b8accf6c689cb7f390e9,1,python=3.11.14;driver=580.178.04;model_revision=c1899de289a04d12100db370d81485cdf75e47ca;config_hash=b5703ddc3c064646516825f0c4e958712d49c8fd8aeb0cf759509ac6a85be74e;vllm=unavailable;torch=unavailable
request-000037,37,batch,33471.220966971305,33471.2220786,33475.168398309,33475.191451996,33477.842048786,1575,277,success,,slo_aware,7fd3da2f930a7b6fb4887acc4737f5f3c94ac1391a24b8accf6c689cb7f390e9,1,python=3.11.14;driver=580.178.04;model_revision=c1899de289a04d12100db370d81485cdf75e47ca;config_hash=b5703ddc3c064646516825f0c4e958712d49c8fd8aeb0cf759509ac6a85be74e;vllm=unavailable;torch=unavailable
request-000038,38,batch,33472.01506017984,33472.015293431,33475.516912158,33475.543706864,33477.907197472,1975,245,success,,slo_aware,7fd3da2f930a7b6fb4887acc4737f5f3c94ac1391a24b8accf6c689cb7f390e9,1,python=3.11.14;driver=580.178.04;model_revision=c1899de289a04d12100db370d81485cdf75e47ca;config_hash=b5703ddc3c064646516825f0c4e958712d49c8fd8aeb0cf759509ac6a85be74e;vllm=unavailable;torch=unavailable
request-000039,39,batch,33473.49506211026,33473.496195755,33476.538505821,33476.566973208,33479.20727818,882,276,success,,slo_aware,7fd3da2f930a7b6fb4887acc4737f5f3c94ac1391a24b8accf6c689cb7f390e9,1,python=3.11.14;driver=580.178.04;model_revision=c1899de289a04d12100db370d81485cdf75e47ca;config_hash=b5703ddc3c064646516825f0c4e958712d49c8fd8aeb0cf759509ac6a85be74e;vllm=unavailable;torch=unavailable
request-000040,40,interactive,33473.50257462153,33473.502989143,33476.006220446,33476.035314571,33476.538476458,107,52,success,,slo_aware,7fd3da2f930a7b6fb4887acc4737f5f3c94ac1391a24b8accf6c689cb7f390e9,1,python=3.11.14;driver=580.178.04;model_revision=c1899de289a04d12100db370d81485cdf75e47ca;config_hash=b5703ddc3c064646516825f0c4e958712d49c8fd8aeb0cf759509ac6a85be74e;vllm=unavailable;torch=unavailable
request-000041,41,batch,33474.05615166477,33474.056370179,33477.842089037,33477.868117752,33480.970901612,1579,323,success,,slo_aware,7fd3da2f930a7b6fb4887acc4737f5f3c94ac1391a24b8accf6c689cb7f390e9,1,python=3.11.14;driver=580.178.04;model_revision=c1899de289a04d12100db370d81485cdf75e47ca;config_hash=b5703ddc3c064646516825f0c4e958712d49c8fd8aeb0cf759509ac6a85be74e;vllm=unavailable;torch=unavailable
request-000042,42,batch,33474.92481613103,33474.925678198,33478.00473711,33478.032836493,33480.944752061,1568,303,success,,slo_aware,7fd3da2f930a7b6fb4887acc4737f5f3c94ac1391a24b8accf6c689cb7f390e9,1,python=3.11.14;driver=580.178.04;model_revision=c1899de289a04d12100db370d81485cdf75e47ca;config_hash=b5703ddc3c064646516825f0c4e958712d49c8fd8aeb0cf759509ac6a85be74e;vllm=unavailable;torch=unavailable
request-000043,43,batch,33475.032159403265,33475.0331807,33478.744770212,33478.771500939,33480.060329302,518,134,success,,slo_aware,7fd3da2f930a7b6fb4887acc4737f5f3c94ac1391a24b8accf6c689cb7f390e9,1,python=3.11.14;driver=580.178.04;model_revision=c1899de289a04d12100db370d81485cdf75e47ca;config_hash=b5703ddc3c064646516825f0c4e958712d49c8fd8aeb0cf759509ac6a85be74e;vllm=unavailable;torch=unavailable
request-000044,44,interactive,33475.07141189494,33475.071590092,33476.897516368,33476.925351564,33478.00469492,197,114,success,,slo_aware,7fd3da2f930a7b6fb4887acc4737f5f3c94ac1391a24b8accf6c689cb7f390e9,1,python=3.11.14;driver=580.178.04;model_revision=c1899de289a04d12100db370d81485cdf75e47ca;config_hash=b5703ddc3c064646516825f0c4e958712d49c8fd8aeb0cf759509ac6a85be74e;vllm=unavailable;torch=unavailable
request-000045,45,interactive,33475.106223947216,33475.106760815,33477.907227117,33477.934826333,33478.744726841,212,84,success,,slo_aware,7fd3da2f930a7b6fb4887acc4737f5f3c94ac1391a24b8accf6c689cb7f390e9,1,python=3.11.14;driver=580.178.04;model_revision=c1899de289a04d12100db370d81485cdf75e47ca;config_hash=b5703ddc3c064646516825f0c4e958712d49c8fd8aeb0cf759509ac6a85be74e;vllm=unavailable;torch=unavailable
request-000046,46,interactive,33475.21864809667,33475.219096909,33479.207320344,33479.233179293,33479.910974098,70,69,success,,slo_aware,7fd3da2f930a7b6fb4887acc4737f5f3c94ac1391a24b8accf6c689cb7f390e9,1,python=3.11.14;driver=580.178.04;model_revision=c1899de289a04d12100db370d81485cdf75e47ca;config_hash=b5703ddc3c064646516825f0c4e958712d49c8fd8aeb0cf759509ac6a85be74e;vllm=unavailable;torch=unavailable
request-000047,47,interactive,33475.26178310933,33475.261947581,33479.9110253,33479.938814529,33480.961453212,140,108,success,,slo_aware,7fd3da2f930a7b6fb4887acc4737f5f3c94ac1391a24b8accf6c689cb7f390e9,1,python=3.11.14;driver=580.178.04;model_revision=c1899de289a04d12100db370d81485cdf75e47ca;config_hash=b5703ddc3c064646516825f0c4e958712d49c8fd8aeb0cf759509ac6a85be74e;vllm=unavailable;torch=unavailable
request-000048,48,batch,33475.91373581792,33475.914132157,33480.060359683,33480.089892211,33483.415142423,1177,367,success,,slo_aware,7fd3da2f930a7b6fb4887acc4737f5f3c94ac1391a24b8accf6c689cb7f390e9,1,python=3.11.14;driver=580.178.04;model_revision=c1899de289a04d12100db370d81485cdf75e47ca;config_hash=b5703ddc3c064646516825f0c4e958712d49c8fd8aeb0cf759509ac6a85be74e;vllm=unavailable;torch=unavailable
request-000049,49,interactive,33475.919677753736,33475.920525008,33480.944792459,33480.970549684,33481.313255705,67,37,success,,slo_aware,7fd3da2f930a7b6fb4887acc4737f5f3c94ac1391a24b8accf6c689cb7f390e9,1,python=3.11.14;driver=580.178.04;model_revision=c1899de289a04d12100db370d81485cdf75e47ca;config_hash=b5703ddc3c064646516825f0c4e958712d49c8fd8aeb0cf759509ac6a85be74e;vllm=unavailable;torch=unavailable
request-000050,50,interactive,33475.97894581493,33475.979145032,33480.961478871,33480.986938776,33481.665239504,209,72,success,,slo_aware,7fd3da2f930a7b6fb4887acc4737f5f3c94ac1391a24b8accf6c689cb7f390e9,1,python=3.11.14;driver=580.178.04;model_revision=c1899de289a04d12100db370d81485cdf75e47ca;config_hash=b5703ddc3c064646516825f0c4e958712d49c8fd8aeb0cf759509ac6a85be74e;vllm=unavailable;torch=unavailable
request-000051,51,batch,33476.51498690931,33476.515561224,33480.970923986,33480.996348157,33482.448239992,1232,158,success,,slo_aware,7fd3da2f930a7b6fb4887acc4737f5f3c94ac1391a24b8accf6c689cb7f390e9,1,python=3.11.14;driver=580.178.04;model_revision=c1899de289a04d12100db370d81485cdf75e47ca;config_hash=b5703ddc3c064646516825f0c4e958712d49c8fd8aeb0cf759509ac6a85be74e;vllm=unavailable;torch=unavailable
request-000052,52,batch,33476.67128695322,33476.672265038,33481.313285101,33481.341243312,33483.891732441,1828,285,success,,slo_aware,7fd3da2f930a7b6fb4887acc4737f5f3c94ac1391a24b8accf6c689cb7f390e9,1,python=3.11.14;driver=580.178.04;model_revision=c1899de289a04d12100db370d81485cdf75e47ca;config_hash=b5703ddc3c064646516825f0c4e958712d49c8fd8aeb0cf759509ac6a85be74e;vllm=unavailable;torch=unavailable
request-000053,53,batch,33476.68178363306,33476.682165436,33481.665265103,33481.692276698,33484.234501126,845,285,success,,slo_aware,7fd3da2f930a7b6fb4887acc4737f5f3c94ac1391a24b8accf6c689cb7f390e9,1,python=3.11.14;driver=580.178.04;model_revision=c1899de289a04d12100db370d81485cdf75e47ca;config_hash=b5703ddc3c064646516825f0c4e958712d49c8fd8aeb0cf759509ac6a85be74e;vllm=unavailable;torch=unavailable
request-000054,54,interactive,33477.611450745055,33477.611768555,33482.448261229,33482.469986539,33483.43495014,208,113,success,,slo_aware,7fd3da2f930a7b6fb4887acc4737f5f3c94ac1391a24b8accf6c689cb7f390e9,1,python=3.11.14;driver=580.178.04;model_revision=c1899de289a04d12100db370d81485cdf75e47ca;config_hash=b5703ddc3c064646516825f0c4e958712d49c8fd8aeb0cf759509ac6a85be74e;vllm=unavailable;torch=unavailable
request-000055,55,interactive,33477.963240218014,33477.964490465,33483.415180148,33483.444619052,33484.5290841,237,115,success,,slo_aware,7fd3da2f930a7b6fb4887acc4737f5f3c94ac1391a24b8accf6c689cb7f390e9,1,python=3.11.14;driver=580.178.04;model_revision=c1899de289a04d12100db370d81485cdf75e47ca;config_hash=b5703ddc3c064646516825f0c4e958712d49c8fd8aeb0cf759509ac6a85be74e;vllm=unavailable;torch=unavailable
request-000056,56,interactive,33478.03732460852,33478.03818177,33483.434993001,33483.464419314,33483.85499854,223,42,success,,slo_aware,7fd3da2f930a7b6fb4887acc4737f5f3c94ac1391a24b8accf6c689cb7f390e9,1,python=3.11.14;driver=580.178.04;model_revision=c1899de289a04d12100db370d81485cdf75e47ca;config_hash=b5703ddc3c064646516825f0c4e958712d49c8fd8aeb0cf759509ac6a85be74e;vllm=unavailable;torch=unavailable
request-000057,57,interactive,33478.170731176,33478.17088094,33483.855030931,33483.881914056,33484.380132738,104,54,success,,slo_aware,7fd3da2f930a7b6fb4887acc4737f5f3c94ac1391a24b8accf6c689cb7f390e9,1,python=3.11.14;driver=580.178.04;model_revision=c1899de289a04d12100db370d81485cdf75e47ca;config_hash=b5703ddc3c064646516825f0c4e958712d49c8fd8aeb0cf759509ac6a85be74e;vllm=unavailable;torch=unavailable
request-000058,58,interactive,33478.199397707205,33478.199889919,33483.891764116,33483.919727707,33485.107067746,229,128,success,,slo_aware,7fd3da2f930a7b6fb4887acc4737f5f3c94ac1391a24b8accf6c689cb7f390e9,1,python=3.11.14;driver=580.178.04;model_revision=c1899de289a04d12100db370d81485cdf75e47ca;config_hash=b5703ddc3c064646516825f0c4e958712d49c8fd8aeb0cf759509ac6a85be74e;vllm=unavailable;torch=unavailable
request-000059,59,batch,33478.273210780215,33478.273406276,33484.234531036,33484.259518403,33486.571775434,1601,244,success,,slo_aware,7fd3da2f930a7b6fb4887acc4737f5f3c94ac1391a24b8accf6c689cb7f390e9,1,python=3.11.14;driver=580.178.04;model_revision=c1899de289a04d12100db370d81485cdf75e47ca;config_hash=b5703ddc3c064646516825f0c4e958712d49c8fd8aeb0cf759509ac6a85be74e;vllm=unavailable;torch=unavailable
request-000060,60,interactive,33478.4901316481,33478.490434617,33484.380155543,33484.409197475,33484.77160813,139,39,success,,slo_aware,7fd3da2f930a7b6fb4887acc4737f5f3c94ac1391a24b8accf6c689cb7f390e9,1,python=3.11.14;driver=580.178.04;model_revision=c1899de289a04d12100db370d81485cdf75e47ca;config_hash=b5703ddc3c064646516825f0c4e958712d49c8fd8aeb0cf759509ac6a85be74e;vllm=unavailable;torch=unavailable
request-000061,61,batch,33478.824856347244,33478.825120341,33484.529103447,33484.554317347,33486.115353783,1681,167,success,,slo_aware,7fd3da2f930a7b6fb4887acc4737f5f3c94ac1391a24b8accf6c689cb7f390e9,1,python=3.11.14;driver=580.178.04;model_revision=c1899de289a04d12100db370d81485cdf75e47ca;config_hash=b5703ddc3c064646516825f0c4e958712d49c8fd8aeb0cf759509ac6a85be74e;vllm=unavailable;torch=unavailable
request-000062,62,batch,33480.29379540281,33480.294033935,33484.77162634,33484.797731129,33489.003625423,2004,455,success,,slo_aware,7fd3da2f930a7b6fb4887acc4737f5f3c94ac1391a24b8accf6c689cb7f390e9,1,python=3.11.14;driver=580.178.04;model_revision=c1899de289a04d12100db370d81485cdf75e47ca;config_hash=b5703ddc3c064646516825f0c4e958712d49c8fd8aeb0cf759509ac6a85be74e;vllm=unavailable;torch=unavailable
request-000063,63,interactive,33480.82366281851,33480.8245178,33485.107085521,33485.133088172,33485.95350071,114,87,success,,slo_aware,7fd3da2f930a7b6fb4887acc4737f5f3c94ac1391a24b8accf6c689cb7f390e9,1,python=3.11.14;driver=580.178.04;model_revision=c1899de289a04d12100db370d81485cdf75e47ca;config_hash=b5703ddc3c064646516825f0c4e958712d49c8fd8aeb0cf759509ac6a85be74e;vllm=unavailable;torch=unavailable
request-000064,64,batch,33481.10206459084,33481.102346054,33485.953517248,33485.980824384,33487.448785451,1587,152,success,,slo_aware,7fd3da2f930a7b6fb4887acc4737f5f3c94ac1391a24b8accf6c689cb7f390e9,1,python=3.11.14;driver=580.178.04;model_revision=c1899de289a04d12100db370d81485cdf75e47ca;config_hash=b5703ddc3c064646516825f0c4e958712d49c8fd8aeb0cf759509ac6a85be74e;vllm=unavailable;torch=unavailable
request-000000,0,interactive,33489.004499744,33489.004909611,33489.004932411,33489.025900492,33490.119505786,254,118,success,,slo_aware,7fd3da2f930a7b6fb4887acc4737f5f3c94ac1391a24b8accf6c689cb7f390e9,2,python=3.11.14;driver=580.178.04;model_revision=c1899de289a04d12100db370d81485cdf75e47ca;config_hash=b5703ddc3c064646516825f0c4e958712d49c8fd8aeb0cf759509ac6a85be74e;vllm=unavailable;torch=unavailable
request-000001,1,interactive,33489.06643634941,33489.066583004,33489.066617793,33489.094629307,33489.53858233,198,49,success,,slo_aware,7fd3da2f930a7b6fb4887acc4737f5f3c94ac1391a24b8accf6c689cb7f390e9,2,python=3.11.14;driver=580.178.04;model_revision=c1899de289a04d12100db370d81485cdf75e47ca;config_hash=b5703ddc3c064646516825f0c4e958712d49c8fd8aeb0cf759509ac6a85be74e;vllm=unavailable;torch=unavailable
request-000002,2,batch,33489.5205984328,33489.521031196,33489.521062675,33489.547680929,33491.925497832,892,254,success,,slo_aware,7fd3da2f930a7b6fb4887acc4737f5f3c94ac1391a24b8accf6c689cb7f390e9,2,python=3.11.14;driver=580.178.04;model_revision=c1899de289a04d12100db370d81485cdf75e47ca;config_hash=b5703ddc3c064646516825f0c4e958712d49c8fd8aeb0cf759509ac6a85be74e;vllm=unavailable;torch=unavailable
request-000003,3,interactive,33489.7484328374,33489.748846493,33489.748888215,33489.778052825,33490.29116217,118,55,success,,slo_aware,7fd3da2f930a7b6fb4887acc4737f5f3c94ac1391a24b8accf6c689cb7f390e9,2,python=3.11.14;driver=580.178.04;model_revision=c1899de289a04d12100db370d81485cdf75e47ca;config_hash=b5703ddc3c064646516825f0c4e958712d49c8fd8aeb0cf759509ac6a85be74e;vllm=unavailable;torch=unavailable
request-000004,4,batch,33489.997920479414,33489.998617351,33489.998646025,33490.023358101,33491.242196269,2046,131,success,,slo_aware,7fd3da2f930a7b6fb4887acc4737f5f3c94ac1391a24b8accf6c689cb7f390e9,2,python=3.11.14;driver=580.178.04;model_revision=c1899de289a04d12100db370d81485cdf75e47ca;config_hash=b5703ddc3c064646516825f0c4e958712d49c8fd8aeb0cf759509ac6a85be74e;vllm=unavailable;torch=unavailable
request-000005,5,batch,33491.027627775955,33491.027896376,33491.027923705,33491.053651474,33493.52103682,1040,257,success,,slo_aware,7fd3da2f930a7b6fb4887acc4737f5f3c94ac1391a24b8accf6c689cb7f390e9,2,python=3.11.14;driver=580.178.04;model_revision=c1899de289a04d12100db370d81485cdf75e47ca;config_hash=b5703ddc3c064646516825f0c4e958712d49c8fd8aeb0cf759509ac6a85be74e;vllm=unavailable;torch=unavailable
request-000006,6,batch,33491.09611772227,33491.096241155,33491.096273733,33491.126434423,33494.507070214,589,359,success,,slo_aware,7fd3da2f930a7b6fb4887acc4737f5f3c94ac1391a24b8accf6c689cb7f390e9,2,python=3.11.14;driver=580.178.04;model_revision=c1899de289a04d12100db370d81485cdf75e47ca;config_hash=b5703ddc3c064646516825f0c4e958712d49c8fd8aeb0cf759509ac6a85be74e;vllm=unavailable;torch=unavailable
request-000007,7,batch,33491.128506962494,33491.128648725,33491.77319467,33491.798915008,33495.167820711,578,359,success,,slo_aware,7fd3da2f930a7b6fb4887acc4737f5f3c94ac1391a24b8accf6c689cb7f390e9,2,python=3.11.14;driver=580.178.04;model_revision=c1899de289a04d12100db370d81485cdf75e47ca;config_hash=b5703ddc3c064646516825f0c4e958712d49c8fd8aeb0cf759509ac6a85be74e;vllm=unavailable;torch=unavailable
request-000008,8,interactive,33491.20895052095,33491.209659355,33491.242212025,33491.270081503,33491.773178222,94,54,success,,slo_aware,7fd3da2f930a7b6fb4887acc4737f5f3c94ac1391a24b8accf6c689cb7f390e9,2,python=3.11.14;driver=580.178.04;model_revision=c1899de289a04d12100db370d81485cdf75e47ca;config_hash=b5703ddc3c064646516825f0c4e958712d49c8fd8aeb0cf759509ac6a85be74e;vllm=unavailable;torch=unavailable
request-000009,9,interactive,33491.84448414389,33491.845471599,33491.925515074,33491.959517082,33492.389469395,68,44,success,,slo_aware,7fd3da2f930a7b6fb4887acc4737f5f3c94ac1391a24b8accf6c689cb7f390e9,2,python=3.11.14;driver=580.178.04;model_revision=c1899de289a04d12100db370d81485cdf75e47ca;config_hash=b5703ddc3c064646516825f0c4e958712d49c8fd8aeb0cf759509ac6a85be74e;vllm=unavailable;torch=unavailable
request-000010,10,batch,33492.52615052063,33492.526857553,33492.526893613,33492.559524692,33495.830378985,611,359,success,,slo_aware,7fd3da2f930a7b6fb4887acc4737f5f3c94ac1391a24b8accf6c689cb7f390e9,2,python=3.11.14;driver=580.178.04;model_revision=c1899de289a04d12100db370d81485cdf75e47ca;config_hash=b5703ddc3c064646516825f0c4e958712d49c8fd8aeb0cf759509ac6a85be74e;vllm=unavailable;torch=unavailable
request-000011,11,batch,33492.52831821685,33492.529066283,33493.963805812,33493.995606577,33495.913353654,1163,211,success,,slo_aware,7fd3da2f930a7b6fb4887acc4737f5f3c94ac1391a24b8accf6c689cb7f390e9,2,python=3.11.14;driver=580.178.04;model_revision=c1899de289a04d12100db370d81485cdf75e47ca;config_hash=b5703ddc3c064646516825f0c4e958712d49c8fd8aeb0cf759509ac6a85be74e;vllm=unavailable;torch=unavailable
request-000012,12,interactive,33492.802137048944,33492.802442669,33493.521058257,33493.547748124,33493.963784828,249,51,success,,slo_aware,7fd3da2f930a7b6fb4887acc4737f5f3c94ac1391a24b8accf6c689cb7f390e9,2,python=3.11.14;driver=580.178.04;model_revision=c1899de289a04d12100db370d81485cdf75e47ca;config_hash=b5703ddc3c064646516825f0c4e958712d49c8fd8aeb0cf759509ac6a85be74e;vllm=unavailable;torch=unavailable
request-000013,13,batch,33492.89961888844,33492.900241977,33495.913397242,33495.943042486,33498.868441648,798,352,success,,slo_aware,7fd3da2f930a7b6fb4887acc4737f5f3c94ac1391a24b8accf6c689cb7f390e9,2,python=3.11.14;driver=580.178.04;model_revision=c1899de289a04d12100db370d81485cdf75e47ca;config_hash=b5703ddc3c064646516825f0c4e958712d49c8fd8aeb0cf759509ac6a85be74e;vllm=unavailable;torch=unavailable
request-000014,14,batch,33493.138157330395,33493.138875737,33496.296123422,33496.323572594,33499.046188316,1990,334,success,,slo_aware,7fd3da2f930a7b6fb4887acc4737f5f3c94ac1391a24b8accf6c689cb7f390e9,2,python=3.11.14;driver=580.178.04;model_revision=c1899de289a04d12100db370d81485cdf75e47ca;config_hash=b5703ddc3c064646516825f0c4e958712d49c8fd8aeb0cf759509ac6a85be74e;vllm=unavailable;torch=unavailable
request-000015,15,batch,33493.151066509745,33493.152068814,33496.343096754,33496.370904171,33498.764135582,541,294,success,,slo_aware,7fd3da2f930a7b6fb4887acc4737f5f3c94ac1391a24b8accf6c689cb7f390e9,2,python=3.11.14;driver=580.178.04;model_revision=c1899de289a04d12100db370d81485cdf75e47ca;config_hash=b5703ddc3c064646516825f0c4e958712d49c8fd8aeb0cf759509ac6a85be74e;vllm=unavailable;torch=unavailable
request-000016,16,batch,33493.80765584994,33493.808473374,33496.915362103,33496.942306644,33500.002909125,945,367,success,,slo_aware,7fd3da2f930a7b6fb4887acc4737f5f3c94ac1391a24b8accf6c689cb7f390e9,2,python=3.11.14;driver=580.178.04;model_revision=c1899de289a04d12100db370d81485cdf75e47ca;config_hash=b5703ddc3c064646516825f0c4e958712d49c8fd8aeb0cf759509ac6a85be74e;vllm=unavailable;torch=unavailable
request-000017,17,batch,33493.818711362896,33493.819479124,33498.76415692,33498.785716804,33500.052424297,719,139,success,,slo_aware,7fd3da2f930a7b6fb4887acc4737f5f3c94ac1391a24b8accf6c689cb7f390e9,2,python=3.11.14;driver=580.178.04;model_revision=c1899de289a04d12100db370d81485cdf75e47ca;config_hash=b5703ddc3c064646516825f0c4e958712d49c8fd8aeb0cf759509ac6a85be74e;vllm=unavailable;torch=unavailable
request-000018,18,batch,33494.02547230829,33494.026333108,33498.868462695,33498.890638091,33502.230861251,1973,365,success,,slo_aware,7fd3da2f930a7b6fb4887acc4737f5f3c94ac1391a24b8accf6c689cb7f390e9,2,python=3.11.14;driver=580.178.04;model_revision=c1899de289a04d12100db370d81485cdf75e47ca;config_hash=b5703ddc3c064646516825f0c4e958712d49c8fd8aeb0cf759509ac6a85be74e;vllm=unavailable;torch=unavailable
request-000019,19,interactive,33494.059622770044,33494.059658059,33494.507109068,33494.534313712,33495.227757435,92,76,success,,slo_aware,7fd3da2f930a7b6fb4887acc4737f5f3c94ac1391a24b8accf6c689cb7f390e9,2,python=3.11.14;driver=580.178.04;model_revision=c1899de289a04d12100db370d81485cdf75e47ca;config_hash=b5703ddc3c064646516825f0c4e958712d49c8fd8aeb0cf759509ac6a85be74e;vllm=unavailable;torch=unavailable
request-000020,20,interactive,33494.102119808944,33494.102988922,33495.167843974,33495.191140864,33496.343070374,137,127,success,,slo_aware,7fd3da2f930a7b6fb4887acc4737f5f3c94ac1391a24b8accf6c689cb7f390e9,2,python=3.11.14;driver=580.178.04;model_revision=c1899de289a04d12100db370d81485cdf75e47ca;config_hash=b5703ddc3c064646516825f0c4e958712d49c8fd8aeb0cf759509ac6a85be74e;vllm=unavailable;torch=unavailable
request-000021,21,interactive,33494.12003503582,33494.120235352,33495.227789164,33495.251640908,33495.526283658,157,34,success,,slo_aware,7fd3da2f930a7b6fb4887acc4737f5f3c94ac1391a24b8accf6c689cb7f390e9,2,python=3.11.14;driver=580.178.04;model_revision=c1899de289a04d12100db370d81485cdf75e47ca;config_hash=b5703ddc3c064646516825f0c4e958712d49c8fd8aeb0cf759509ac6a85be74e;vllm=unavailable;torch=unavailable
request-000022,22,interactive,33494.12587645578,33494.126597985,33495.526310763,33495.549426351,33496.296098106,255,79,success,,slo_aware,7fd3da2f930a7b6fb4887acc4737f5f3c94ac1391a24b8accf6c689cb7f390e9,2,python=3.11.14;driver=580.178.04;model_revision=c1899de289a04d12100db370d81485cdf75e47ca;config_hash=b5703ddc3c064646516825f0c4e958712d49c8fd8aeb0cf759509ac6a85be74e;vllm=unavailable;torch=unavailable
request-000023,23,batch,33494.736387725825,33494.736473953,33499.046210166,33499.071335577,33502.413852027,1132,365,success,,slo_aware,7fd3da2f930a7b6fb4887acc4737f5f3c94ac1391a24b8accf6c689cb7f390e9,2,python=3.11.14;driver=580.178.04;model_revision=c1899de289a04d12100db370d81485cdf75e47ca;config_hash=b5703ddc3c064646516825f0c4e958712d49c8fd8aeb0cf759509ac6a85be74e;vllm=unavailable;torch=unavailable
request-000024,24,batch,33494.75299767031,33494.753828887,33500.002944967,33500.032023463,33502.705835089,967,296,success,,slo_aware,7fd3da2f930a7b6fb4887acc4737f5f3c94ac1391a24b8accf6c689cb7f390e9,2,python=3.11.14;driver=580.178.04;model_revision=c1899de289a04d12100db370d81485cdf75e47ca;config_hash=b5703ddc3c064646516825f0c4e958712d49c8fd8aeb0cf759509ac6a85be74e;vllm=unavailable;torch=unavailable
request-000025,25,batch,33495.12856553645,33495.129103455,33500.052458783,33500.079540854,33502.151962075,539,229,success,,slo_aware,7fd3da2f930a7b6fb4887acc4737f5f3c94ac1391a24b8accf6c689cb7f390e9,2,python=3.11.14;driver=580.178.04;model_revision=c1899de289a04d12100db370d81485cdf75e47ca;config_hash=b5703ddc3c064646516825f0c4e958712d49c8fd8aeb0cf759509ac6a85be74e;vllm=unavailable;torch=unavailable
request-000026,26,interactive,33495.25607867807,33495.256820609,33495.830419518,33495.859731326,33496.915328133,197,113,success,,slo_aware,7fd3da2f930a7b6fb4887acc4737f5f3c94ac1391a24b8accf6c689cb7f390e9,2,python=3.11.14;driver=580.178.04;model_revision=c1899de289a04d12100db370d81485cdf75e47ca;config_hash=b5703ddc3c064646516825f0c4e958712d49c8fd8aeb0cf759509ac6a85be74e;vllm=unavailable;torch=unavailable
request-000027,27,batch,33495.335682182624,33495.336364136,33502.15198848,33502.177253408,33505.748015688,1957,417,success,,slo_aware,7fd3da2f930a7b6fb4887acc4737f5f3c94ac1391a24b8accf6c689cb7f390e9,2,python=3.11.14;driver=580.178.04;model_revision=c1899de289a04d12100db370d81485cdf75e47ca;config_hash=b5703ddc3c064646516825f0c4e958712d49c8fd8aeb0cf759509ac6a85be74e;vllm=unavailable;torch=unavailable
request-000028,28,batch,33495.76562882323,33495.766938882,33502.230886893,33502.255882259,33503.302689944,700,128,success,,slo_aware,7fd3da2f930a7b6fb4887acc4737f5f3c94ac1391a24b8accf6c689cb7f390e9,2,python=3.11.14;driver=580.178.04;model_revision=c1899de289a04d12100db370d81485cdf75e47ca;config_hash=b5703ddc3c064646516825f0c4e958712d49c8fd8aeb0cf759509ac6a85be74e;vllm=unavailable;torch=unavailable
request-000029,29,interactive,33496.7431653008,33496.744041819,33502.413876974,33502.440636539,33502.878191376,193,52,success,,slo_aware,7fd3da2f930a7b6fb4887acc4737f5f3c94ac1391a24b8accf6c689cb7f390e9,2,python=3.11.14;driver=580.178.04;model_revision=c1899de289a04d12100db370d81485cdf75e47ca;config_hash=b5703ddc3c064646516825f0c4e958712d49c8fd8aeb0cf759509ac6a85be74e;vllm=unavailable;torch=unavailable
request-000030,30,batch,33496.79347709935,33496.7944251,33502.705865814,33502.728235724,33504.333233141,1279,200,success,,slo_aware,7fd3da2f930a7b6fb4887acc4737f5f3c94ac1391a24b8accf6c689cb7f390e9,2,python=3.11.14;driver=580.178.04;model_revision=c1899de289a04d12100db370d81485cdf75e47ca;config_hash=b5703ddc3c064646516825f0c4e958712d49c8fd8aeb0cf759509ac6a85be74e;vllm=unavailable;torch=unavailable
request-000031,31,interactive,33497.05212278653,33497.052395973,33502.878214306,33502.900477525,33503.491333491,213,76,success,,slo_aware,7fd3da2f930a7b6fb4887acc4737f5f3c94ac1391a24b8accf6c689cb7f390e9,2,python=3.11.14;driver=580.178.04;model_revision=c1899de289a04d12100db370d81485cdf75e47ca;config_hash=b5703ddc3c064646516825f0c4e958712d49c8fd8aeb0cf759509ac6a85be74e;vllm=unavailable;torch=unavailable
request-000032,32,batch,33498.07238177378,33498.072912456,33503.302712849,33503.325639399,33506.248369767,1071,334,success,,slo_aware,7fd3da2f930a7b6fb4887acc4737f5f3c94ac1391a24b8accf6c689cb7f390e9,2,python=3.11.14;driver=580.178.04;model_revision=c1899de289a04d12100db370d81485cdf75e47ca;config_hash=b5703ddc3c064646516825f0c4e958712d49c8fd8aeb0cf759509ac6a85be74e;vllm=unavailable;torch=unavailable
request-000033,33,batch,33499.347260370734,33499.348743241,33503.491361543,33503.51480082,33506.265576575,994,313,success,,slo_aware,7fd3da2f930a7b6fb4887acc4737f5f3c94ac1391a24b8accf6c689cb7f390e9,2,python=3.11.14;driver=580.178.04;model_revision=c1899de289a04d12100db370d81485cdf75e47ca;config_hash=b5703ddc3c064646516825f0c4e958712d49c8fd8aeb0cf759509ac6a85be74e;vllm=unavailable;torch=unavailable
request-000034,34,interactive,33500.34588465339,33500.346065463,33504.333273547,33504.360493408,33505.081615688,95,79,success,,slo_aware,7fd3da2f930a7b6fb4887acc4737f5f3c94ac1391a24b8accf6c689cb7f390e9,2,python=3.11.14;driver=580.178.04;model_revision=c1899de289a04d12100db370d81485cdf75e47ca;config_hash=b5703ddc3c064646516825f0c4e958712d49c8fd8aeb0cf759509ac6a85be74e;vllm=unavailable;torch=unavailable
request-000035,35,batch,33500.350658799245,33500.351198682,33505.081656253,33505.10734457,33507.609411551,1493,281,success,,slo_aware,7fd3da2f930a7b6fb4887acc4737f5f3c94ac1391a24b8accf6c689cb7f390e9,2,python=3.11.14;driver=580.178.04;model_revision=c1899de289a04d12100db370d81485cdf75e47ca;config_hash=b5703ddc3c064646516825f0c4e958712d49c8fd8aeb0cf759509ac6a85be74e;vllm=unavailable;torch=unavailable
request-000036,36,interactive,33500.6979085733,33500.698122409,33505.748057925,33505.774361959,33506.574225275,165,90,success,,slo_aware,7fd3da2f930a7b6fb4887acc4737f5f3c94ac1391a24b8accf6c689cb7f390e9,2,python=3.11.14;driver=580.178.04;model_revision=c1899de289a04d12100db370d81485cdf75e47ca;config_hash=b5703ddc3c064646516825f0c4e958712d49c8fd8aeb0cf759509ac6a85be74e;vllm=unavailable;torch=unavailable
request-000037,37,batch,33500.7772481263,33500.778111653,33506.248401122,33506.274358958,33509.446944209,1575,367,success,,slo_aware,7fd3da2f930a7b6fb4887acc4737f5f3c94ac1391a24b8accf6c689cb7f390e9,2,python=3.11.14;driver=580.178.04;model_revision=c1899de289a04d12100db370d81485cdf75e47ca;config_hash=b5703ddc3c064646516825f0c4e958712d49c8fd8aeb0cf759509ac6a85be74e;vllm=unavailable;torch=unavailable
request-000038,38,batch,33501.571341334835,33501.571485825,33506.265606295,33506.291582754,33508.405347227,1975,245,success,,slo_aware,7fd3da2f930a7b6fb4887acc4737f5f3c94ac1391a24b8accf6c689cb7f390e9,2,python=3.11.14;driver=580.178.04;model_revision=c1899de289a04d12100db370d81485cdf75e47ca;config_hash=b5703ddc3c064646516825f0c4e958712d49c8fd8aeb0cf759509ac6a85be74e;vllm=unavailable;torch=unavailable
request-000039,39,batch,33503.05134326526,33503.05192454,33506.57426915,33506.599358678,33508.969439402,882,276,success,,slo_aware,7fd3da2f930a7b6fb4887acc4737f5f3c94ac1391a24b8accf6c689cb7f390e9,2,python=3.11.14;driver=580.178.04;model_revision=c1899de289a04d12100db370d81485cdf75e47ca;config_hash=b5703ddc3c064646516825f0c4e958712d49c8fd8aeb0cf759509ac6a85be74e;vllm=unavailable;torch=unavailable
request-000040,40,interactive,33503.05885577653,33503.059609916,33507.609440203,33507.634918809,33508.042915459,107,52,success,,slo_aware,7fd3da2f930a7b6fb4887acc4737f5f3c94ac1391a24b8accf6c689cb7f390e9,2,python=3.11.14;driver=580.178.04;model_revision=c1899de289a04d12100db370d81485cdf75e47ca;config_hash=b5703ddc3c064646516825f0c4e958712d49c8fd8aeb0cf759509ac6a85be74e;vllm=unavailable;torch=unavailable
request-000041,41,batch,33503.61243281977,33503.612563344,33508.042947323,33508.068614456,33511.170820978,1579,359,success,,slo_aware,7fd3da2f930a7b6fb4887acc4737f5f3c94ac1391a24b8accf6c689cb7f390e9,2,python=3.11.14;driver=580.178.04;model_revision=c1899de289a04d12100db370d81485cdf75e47ca;config_hash=b5703ddc3c064646516825f0c4e958712d49c8fd8aeb0cf759509ac6a85be74e;vllm=unavailable;torch=unavailable
request-000042,42,batch,33504.48109728603,33504.482714902,33508.4053925,33508.430040844,33511.051604717,1568,303,success,,slo_aware,7fd3da2f930a7b6fb4887acc4737f5f3c94ac1391a24b8accf6c689cb7f390e9,2,python=3.11.14;driver=580.178.04;model_revision=c1899de289a04d12100db370d81485cdf75e47ca;config_hash=b5703ddc3c064646516825f0c4e958712d49c8fd8aeb0cf759509ac6a85be74e;vllm=unavailable;torch=unavailable
request-000043,43,batch,33504.58844055826,33504.588979777,33508.969471616,33508.994191751,33510.151292563,518,134,success,,slo_aware,7fd3da2f930a7b6fb4887acc4737f5f3c94ac1391a24b8accf6c689cb7f390e9,2,python=3.11.14;driver=580.178.04;model_revision=c1899de289a04d12100db370d81485cdf75e47ca;config_hash=b5703ddc3c064646516825f0c4e958712d49c8fd8aeb0cf759509ac6a85be74e;vllm=unavailable;torch=unavailable
request-000044,44,interactive,33504.62769304994,33504.628714917,33509.446975119,33509.471333049,33510.453097802,197,114,success,,slo_aware,7fd3da2f930a7b6fb4887acc4737f5f3c94ac1391a24b8accf6c689cb7f390e9,2,python=3.11.14;driver=580.178.04;model_revision=c1899de289a04d12100db370d81485cdf75e47ca;config_hash=b5703ddc3c064646516825f0c4e958712d49c8fd8aeb0cf759509ac6a85be74e;vllm=unavailable;torch=unavailable
request-000045,45,interactive,33504.66250510221,33504.662836621,33510.151322759,33510.175991349,33510.894169693,212,84,success,,slo_aware,7fd3da2f930a7b6fb4887acc4737f5f3c94ac1391a24b8accf6c689cb7f390e9,2,python=3.11.14;driver=580.178.04;model_revision=c1899de289a04d12100db370d81485cdf75e47ca;config_hash=b5703ddc3c064646516825f0c4e958712d49c8fd8aeb0cf759509ac6a85be74e;vllm=unavailable;torch=unavailable
request-000046,46,interactive,33504.77492925167,33504.775628983,33510.453129571,33510.477738028,33511.06799099,70,69,success,,slo_aware,7fd3da2f930a7b6fb4887acc4737f5f3c94ac1391a24b8accf6c689cb7f390e9,2,python=3.11.14;driver=580.178.04;model_revision=c1899de289a04d12100db370d81485cdf75e47ca;config_hash=b5703ddc3c064646516825f0c4e958712d49c8fd8aeb0cf759509ac6a85be74e;vllm=unavailable;torch=unavailable
request-000047,47,interactive,33504.81806426433,33504.81919079,33510.894199601,33510.919232564,33511.856954805,140,108,success,,slo_aware,7fd3da2f930a7b6fb4887acc4737f5f3c94ac1391a24b8accf6c689cb7f390e9,2,python=3.11.14;driver=580.178.04;model_revision=c1899de289a04d12100db370d81485cdf75e47ca;config_hash=b5703ddc3c064646516825f0c4e958712d49c8fd8aeb0cf759509ac6a85be74e;vllm=unavailable;torch=unavailable
request-000048,48,batch,33505.47001697292,33505.47106463,33511.05163412,33511.076645006,33514.255126342,1177,354,success,,slo_aware,7fd3da2f930a7b6fb4887acc4737f5f3c94ac1391a24b8accf6c689cb7f390e9,2,python=3.11.14;driver=580.178.04;model_revision=c1899de289a04d12100db370d81485cdf75e47ca;config_hash=b5703ddc3c064646516825f0c4e958712d49c8fd8aeb0cf759509ac6a85be74e;vllm=unavailable;torch=unavailable
request-000049,49,interactive,33505.47595890873,33505.476894241,33511.068021508,33511.093208602,33511.4018888,67,37,success,,slo_aware,7fd3da2f930a7b6fb4887acc4737f5f3c94ac1391a24b8accf6c689cb7f390e9,2,python=3.11.14;driver=580.178.04;model_revision=c1899de289a04d12100db370d81485cdf75e47ca;config_hash=b5703ddc3c064646516825f0c4e958712d49c8fd8aeb0cf759509ac6a85be74e;vllm=unavailable;torch=unavailable
request-000050,50,interactive,33505.53522696993,33505.535634333,33511.170848882,33511.195386531,33511.822520338,209,72,success,,slo_aware,7fd3da2f930a7b6fb4887acc4737f5f3c94ac1391a24b8accf6c689cb7f390e9,2,python=3.11.14;driver=580.178.04;model_revision=c1899de289a04d12100db370d81485cdf75e47ca;config_hash=b5703ddc3c064646516825f0c4e958712d49c8fd8aeb0cf759509ac6a85be74e;vllm=unavailable;torch=unavailable
request-000051,51,batch,33506.071268064305,33506.072284873,33511.401917894,33511.427095435,33512.838217386,1232,158,success,,slo_aware,7fd3da2f930a7b6fb4887acc4737f5f3c94ac1391a24b8accf6c689cb7f390e9,2,python=3.11.14;driver=580.178.04;model_revision=c1899de289a04d12100db370d81485cdf75e47ca;config_hash=b5703ddc3c064646516825f0c4e958712d49c8fd8aeb0cf759509ac6a85be74e;vllm=unavailable;torch=unavailable
request-000052,52,batch,33506.22756810822,33506.228086736,33511.822558198,33511.847547614,33514.424983958,1828,285,success,,slo_aware,7fd3da2f930a7b6fb4887acc4737f5f3c94ac1391a24b8accf6c689cb7f390e9,2,python=3.11.14;driver=580.178.04;model_revision=c1899de289a04d12100db370d81485cdf75e47ca;config_hash=b5703ddc3c064646516825f0c4e958712d49c8fd8aeb0cf759509ac6a85be74e;vllm=unavailable;torch=unavailable
request-000053,53,batch,33506.23806478806,33506.239048292,33511.856982244,33511.882365232,33514.459145644,845,285,success,,slo_aware,7fd3da2f930a7b6fb4887acc4737f5f3c94ac1391a24b8accf6c689cb7f390e9,2,python=3.11.14;driver=580.178.04;model_revision=c1899de289a04d12100db370d81485cdf75e47ca;config_hash=b5703ddc3c064646516825f0c4e958712d49c8fd8aeb0cf759509ac6a85be74e;vllm=unavailable;torch=unavailable
request-000054,54,interactive,33507.16773190005,33507.168324596,33512.838243699,33512.864361832,33513.898435229,208,113,success,,slo_aware,7fd3da2f930a7b6fb4887acc4737f5f3c94ac1391a24b8accf6c689cb7f390e9,2,python=3.11.14;driver=580.178.04;model_revision=c1899de289a04d12100db370d81485cdf75e47ca;config_hash=b5703ddc3c064646516825f0c4e958712d49c8fd8aeb0cf759509ac6a85be74e;vllm=unavailable;torch=unavailable
request-000055,55,interactive,33507.51952137301,33507.519726272,33513.898460038,33513.924216174,33514.947171972,237,115,success,,slo_aware,7fd3da2f930a7b6fb4887acc4737f5f3c94ac1391a24b8accf6c689cb7f390e9,2,python=3.11.14;driver=580.178.04;model_revision=c1899de289a04d12100db370d81485cdf75e47ca;config_hash=b5703ddc3c064646516825f0c4e958712d49c8fd8aeb0cf759509ac6a85be74e;vllm=unavailable;torch=unavailable
request-000056,56,interactive,33507.59360576352,33507.594682347,33514.255150443,33514.280665668,33514.644038229,223,42,success,,slo_aware,7fd3da2f930a7b6fb4887acc4737f5f3c94ac1391a24b8accf6c689cb7f390e9,2,python=3.11.14;driver=580.178.04;model_revision=c1899de289a04d12100db370d81485cdf75e47ca;config_hash=b5703ddc3c064646516825f0c4e958712d49c8fd8aeb0cf759509ac6a85be74e;vllm=unavailable;torch=unavailable
request-000057,57,interactive,33507.72701233099,33507.72802093,33514.425011235,33514.449791853,33514.928935653,104,54,success,,slo_aware,7fd3da2f930a7b6fb4887acc4737f5f3c94ac1391a24b8accf6c689cb7f390e9,2,python=3.11.14;driver=580.178.04;model_revision=c1899de289a04d12100db370d81485cdf75e47ca;config_hash=b5703ddc3c064646516825f0c4e958712d49c8fd8aeb0cf759509ac6a85be74e;vllm=unavailable;torch=unavailable
request-000058,58,interactive,33507.7556788622,33507.756201465,33514.459165035,33514.484230821,33515.604164737,229,128,success,,slo_aware,7fd3da2f930a7b6fb4887acc4737f5f3c94ac1391a24b8accf6c689cb7f390e9,2,python=3.11.14;driver=580.178.04;model_revision=c1899de289a04d12100db370d81485cdf75e47ca;config_hash=b5703ddc3c064646516825f0c4e958712d49c8fd8aeb0cf759509ac6a85be74e;vllm=unavailable;torch=unavailable
request-000059,59,batch,33507.82949193521,33507.830348839,33514.644059777,33514.670196918,33516.793222082,1601,244,success,,slo_aware,7fd3da2f930a7b6fb4887acc4737f5f3c94ac1391a24b8accf6c689cb7f390e9,2,python=3.11.14;driver=580.178.04;model_revision=c1899de289a04d12100db370d81485cdf75e47ca;config_hash=b5703ddc3c064646516825f0c4e958712d49c8fd8aeb0cf759509ac6a85be74e;vllm=unavailable;torch=unavailable
request-000060,60,interactive,33508.046412803094,33508.046739552,33514.928964977,33514.955669997,33515.28724692,139,39,success,,slo_aware,7fd3da2f930a7b6fb4887acc4737f5f3c94ac1391a24b8accf6c689cb7f390e9,2,python=3.11.14;driver=580.178.04;model_revision=c1899de289a04d12100db370d81485cdf75e47ca;config_hash=b5703ddc3c064646516825f0c4e958712d49c8fd8aeb0cf759509ac6a85be74e;vllm=unavailable;torch=unavailable
request-000061,61,batch,33508.38113750224,33508.382119599,33514.947193054,33514.973066884,33516.412781294,1681,167,success,,slo_aware,7fd3da2f930a7b6fb4887acc4737f5f3c94ac1391a24b8accf6c689cb7f390e9,2,python=3.11.14;driver=580.178.04;model_revision=c1899de289a04d12100db370d81485cdf75e47ca;config_hash=b5703ddc3c064646516825f0c4e958712d49c8fd8aeb0cf759509ac6a85be74e;vllm=unavailable;torch=unavailable
request-000062,62,batch,33509.85007655781,33509.85057155,33515.287272194,33515.311264969,33518.008405136,2004,312,success,,slo_aware,7fd3da2f930a7b6fb4887acc4737f5f3c94ac1391a24b8accf6c689cb7f390e9,2,python=3.11.14;driver=580.178.04;model_revision=c1899de289a04d12100db370d81485cdf75e47ca;config_hash=b5703ddc3c064646516825f0c4e958712d49c8fd8aeb0cf759509ac6a85be74e;vllm=unavailable;torch=unavailable
request-000063,63,interactive,33510.37994397351,33510.380382235,33515.60418852,33515.628496104,33516.378152374,114,87,success,,slo_aware,7fd3da2f930a7b6fb4887acc4737f5f3c94ac1391a24b8accf6c689cb7f390e9,2,python=3.11.14;driver=580.178.04;model_revision=c1899de289a04d12100db370d81485cdf75e47ca;config_hash=b5703ddc3c064646516825f0c4e958712d49c8fd8aeb0cf759509ac6a85be74e;vllm=unavailable;torch=unavailable
request-000064,64,batch,33510.65834574584,33510.658677665,33516.37816788,33516.403194809,33517.72167692,1587,152,success,,slo_aware,7fd3da2f930a7b6fb4887acc4737f5f3c94ac1391a24b8accf6c689cb7f390e9,2,python=3.11.14;driver=580.178.04;model_revision=c1899de289a04d12100db370d81485cdf75e47ca;config_hash=b5703ddc3c064646516825f0c4e958712d49c8fd8aeb0cf759509ac6a85be74e;vllm=unavailable;torch=unavailable
